400 150 -1.0 
900 600 -1.0 
1000 95 0.98 
4000 3500 -1.0 
4000 125 0.8900000000000001 
3000 800 0.0 
400 100 -1.0 
2000 1000 -1.0 
1800 1600 -1.0 
650 125 0.07000000000000006 
400 200 -1.0 
3000 125 0.94 
1400 200 0.96 
400 125 -1.0 
1800 1000 -1.0 
700 125 -0.49 
2500 400 0.9100000000000001 
550 300 -1.0 
700 60 -0.05999999999999994 
2500 500 0.9299999999999999 
700 150 -1.0 
3500 1000 -1.0 
1400 800 -1.0 
400 60 -1.0 
4000 500 0.94 
2000 125 0.98 
1800 125 0.98 
3500 2600 -1.0 
2500 60 0.96 
650 200 -1.0 
2000 100 0.98 
400 80 -1.0 
300 125 -1.0 
3500 200 0.9000000000000001 
700 80 -1.0 
650 100 -0.07999999999999996 
1000 400 0.040000000000000036 
1400 95 0.99 
3000 1000 -1.0 
550 200 -1.0 
3000 60 0.8800000000000001 
800 70 0.09000000000000008 
3500 500 0.94 
3000 200 0.95 
500 80 -1.0 
700 100 -1.0 
1400 500 0.95 
1400 60 0.99 
800 150 0.9299999999999999 
1600 80 0.99 
1200 300 0.9100000000000001 
4000 200 0.9000000000000001 
300 80 -1.0 
1000 150 0.98 
1800 200 0.98 
550 100 -1.0 
600 125 -1.0 
4000 60 0.8600000000000001 
1600 1000 -1.0 
300 100 -1.0 
3500 300 0.8500000000000001 
1800 400 0.8900000000000001 
1800 300 0.96 
1400 1200 -1.0 
650 60 -1.0 
700 70 -0.05999999999999994 
1400 400 0.8500000000000001 
600 95 -1.0 
3500 90 0.8900000000000001 
2500 70 0.96 
1600 150 0.98 
700 400 -1.0 
1400 600 -1.0 
2000 800 -1.0 
800 200 0.07000000000000006 
4000 70 0.8600000000000001 
2000 90 0.98 
1600 400 0.8800000000000001 
3500 800 0.0 
1600 1400 -1.0 
4000 1800 -1.0 
700 500 -1.0 
700 300 -1.0 
1600 200 0.96 
2000 70 0.98 
500 70 -1.0 
550 90 -1.0 
1800 1200 -1.0 
3500 600 0.94 
3500 1400 -1.0 
650 150 -1.0 
600 60 -1.0 
1800 600 0.13000000000000012 
1800 95 0.98 
2500 100 0.6100000000000001 
1800 90 0.98 
3000 90 0.78 
3500 125 0.8900000000000001 
4000 600 0.94 
1000 100 0.98 
650 90 -0.07999999999999996 
1600 70 0.99 
650 70 -1.0 
1600 95 0.98 
4000 1400 -1.0 
1200 60 0.99 
4000 1600 -1.0 
2000 600 0.3900000000000001 
700 200 -1.0 
3500 400 0.8500000000000001 
2000 1600 -1.0 
4000 400 0.8500000000000001 
1000 200 0.98 
1600 60 0.99 
1800 500 0.95 
3000 100 0.78 
900 80 0.98 
650 80 -1.0 
800 95 0.9299999999999999 
1200 70 0.99 
1400 70 0.99 
300 90 -1.0 
1400 90 0.99 
3500 95 0.6699999999999999 
4000 800 -0.78 
1600 100 0.98 
550 60 -1.0 
550 125 -1.0 
4000 90 0.8700000000000001 
550 80 -1.0 
900 400 -1.0 
4000 300 0.8500000000000001 
1800 800 -1.0 
3000 1400 -1.0 
1600 600 -1.0 
650 300 -1.0 
600 200 -1.0 
4000 2600 -1.0 
3500 1600 -1.0 
2500 95 0.55 
550 150 -1.0 
3500 150 0.9000000000000001 
2500 1600 -1.0 
550 70 -1.0 
1200 800 -1.0 
2000 150 0.98 
800 90 0.09000000000000008 
3500 100 0.6699999999999999 
800 300 0.07000000000000006 
1800 80 0.98 
2000 500 0.8900000000000001 
800 600 -1.0 
900 300 0.78 
1200 80 0.98 
500 300 -1.0 
4000 2000 -1.0 
600 150 -1.0 
4000 80 0.8700000000000001 
1000 125 0.98 
900 200 0.98 
3000 600 0.8800000000000001 
2500 1000 -1.0 
650 500 -1.0 
2000 400 0.8900000000000001 
3000 80 0.94 
500 125 -1.0 
400 95 -1.0 
3000 150 0.94 
1200 125 0.98 
3500 1800 -1.0 
800 125 0.9299999999999999 
600 90 -1.0 
3500 70 0.8900000000000001 
800 400 -1.0 
3500 60 0.8700000000000001 
2500 200 0.97 
900 95 0.98 
550 95 -1.0 
4000 100 0.56 
3000 95 0.78 
3000 400 0.8500000000000001 
650 95 -0.07999999999999996 
1000 70 0.98 
500 60 -1.0 
1200 600 -1.0 
1600 300 0.9299999999999999 
300 60 -1.0 
1000 300 0.98 
1600 500 0.97 
400 70 -1.0 
2000 300 0.96 
3500 1200 -1.0 
900 150 0.98 
2000 60 0.98 
3000 500 0.9299999999999999 
1400 150 0.99 
2500 2000 -1.0 
2500 90 0.96 
1800 150 0.98 
2500 800 -1.0 
2500 300 0.98 
1600 125 0.98 
2000 95 0.98 
400 90 -1.0 
1200 100 0.98 
900 125 0.98 
3000 2600 -1.0 
600 400 -1.0 
1000 500 -1.0 
900 60 0.97 
1200 1000 -1.0 
1000 60 0.98 
1200 400 0.79 
3500 2000 -1.0 
4000 1200 -1.0 
800 500 -1.0 
800 100 0.9299999999999999 
2000 1800 -1.0 
3000 300 0.95 
4000 3000 -1.0 
600 300 -1.0 
1200 200 0.98 
3500 3000 -1.0 
500 90 -1.0 
800 80 0.9299999999999999 
1600 800 -1.0 
600 70 -0.07999999999999996 
1800 70 0.98 
3000 2000 -1.0 
1000 800 -1.0 
1800 60 0.98 
500 100 -1.0 
700 95 -0.49 
2500 80 0.96 
600 100 -0.62 
1400 125 0.99 
1600 1200 -1.0 
900 100 0.98 
2500 600 0.8 
900 90 0.98 
1000 600 -1.0 
900 70 0.98 
3000 70 0.94 
2000 80 0.98 
3000 1200 -1.0 
2000 1200 -1.0 
1600 90 0.99 
3000 1800 -1.0 
1200 500 -1.0 
500 200 -1.0 
4000 1000 -1.0 
800 60 0.9299999999999999 
1000 90 0.98 
1200 95 0.98 
1400 80 0.99 
700 90 -0.74 
1800 1400 -1.0 
2500 1800 -1.0 
300 150 -1.0 
600 80 -1.0 
500 150 -1.0 
1200 150 0.98 
500 95 -1.0 
2000 1400 -1.0 
1000 80 0.98 
1800 100 0.98 
1400 1000 -1.0 
4000 150 0.9000000000000001 
1400 300 0.95 
550 400 -1.0 
2500 125 0.96 
2500 1400 -1.0 
1200 90 0.98 
300 70 -1.0 
3000 1600 -1.0 
300 95 -1.0 
900 500 -1.0 
2500 150 0.97 
650 400 -1.0 
3500 80 0.8900000000000001 
4000 95 0.56 
2500 1200 -1.0 
2000 200 0.98 
