900 600 -1.0 
4000 3500 -1.0 
2500 90 0.94 
4000 2600 -1.0 
3000 150 0.9299999999999999 
3500 400 0.56 
2000 1200 -1.0 
600 100 0.48 
3000 1000 -1.0 
3000 70 0.9199999999999999 
2000 1000 -1.0 
700 95 0.08000000000000007 
600 125 0.55 
2000 125 0.96 
1000 600 -1.0 
550 300 -1.0 
400 125 -1.0 
3000 60 0.9199999999999999 
3000 125 0.9299999999999999 
400 60 -1.0 
4000 600 0.26 
2000 1600 -1.0 
1600 1000 -1.0 
4000 500 0.26 
1600 125 0.96 
1400 300 0.94 
1400 200 0.96 
500 125 -1.0 
1000 500 -1.0 
1400 100 0.96 
1400 600 -1.0 
650 300 -0.53 
1400 70 0.96 
2000 600 0.4099999999999999 
3000 1800 -1.0 
300 60 -1.0 
1800 90 0.96 
1000 70 0.96 
4000 300 0.14000000000000012 
3500 150 0.54 
1000 400 -0.18999999999999995 
600 60 -0.53 
1200 200 0.96 
1600 500 -0.020000000000000018 
650 100 -0.26 
1800 125 0.99 
800 150 0.6000000000000001 
2500 125 0.94 
1200 500 -1.0 
4000 90 0.5800000000000001 
1800 80 0.96 
4000 125 0.5800000000000001 
1000 200 0.96 
1200 95 0.96 
1800 200 0.96 
3500 70 0.56 
1200 600 -1.0 
1800 1600 -1.0 
1400 1000 -1.0 
3500 600 0.29000000000000004 
900 400 -1.0 
300 70 -1.0 
900 100 0.96 
2500 1600 -1.0 
1800 600 -0.74 
1800 500 -0.05999999999999994 
3500 1600 -1.0 
500 100 -0.51 
4000 2000 -1.0 
900 500 -1.0 
800 500 -1.0 
2500 1000 -1.0 
1400 1200 -1.0 
550 400 -1.0 
4000 1600 -1.0 
1800 1000 -1.0 
1400 800 -1.0 
650 400 -1.0 
600 400 -1.0 
4000 3000 -1.0 
3000 1400 -1.0 
1000 800 -1.0 
3500 2000 -1.0 
800 400 -0.79 
2000 800 -1.0 
1200 1000 -1.0 
3500 500 0.29000000000000004 
4000 800 -0.97 
500 80 0.6600000000000001 
3500 3000 -1.0 
3500 800 -0.64 
3000 2000 -1.0 
3500 2600 -1.0 
400 100 -1.0 
3000 500 0.5700000000000001 
300 150 -1.0 
3000 800 -0.24 
800 600 -1.0 
1800 800 -1.0 
300 125 -1.0 
1600 800 -1.0 
1600 1400 -1.0 
2500 600 -0.39 
1200 800 -1.0 
400 200 -1.0 
2000 1800 -1.0 
2500 1800 -1.0 
800 300 0.75 
300 95 -1.0 
3500 1000 -1.0 
1600 1200 -1.0 
650 500 -1.0 
2500 2000 -1.0 
3000 1600 -1.0 
550 70 0.6699999999999999 
2000 400 0.8 
2500 1400 -1.0 
3000 2600 -1.0 
400 80 -1.0 
3000 600 0.33000000000000007 
4000 400 -0.61 
700 400 -1.0 
300 90 -1.0 
1400 500 -1.0 
4000 1000 -1.0 
400 90 -1.0 
3500 1800 -1.0 
4000 1400 -1.0 
3500 100 0.56 
4000 60 0.55 
2000 1400 -1.0 
600 300 -1.0 
2500 1200 -1.0 
1600 600 -0.74 
300 80 -1.0 
500 60 0.96 
2500 70 0.94 
400 95 -1.0 
2500 500 0.28 
4000 1800 -1.0 
2500 800 -1.0 
3500 1400 -1.0 
550 90 0.97 
3000 1200 -1.0 
300 100 -1.0 
700 300 -0.62 
3500 60 0.56 
550 125 0.74 
2500 400 0.6500000000000001 
2500 80 0.94 
1800 1200 -1.0 
4000 1200 -1.0 
500 300 -1.0 
3500 1200 -1.0 
400 150 -1.0 
550 95 0.31000000000000005 
1800 300 0.95 
550 200 -1.0 
500 95 -0.91 
4000 95 0.5800000000000001 
500 200 -1.0 
2000 500 0.26 
400 70 -1.0 
3000 200 0.95 
1800 1400 -1.0 
700 150 -0.19999999999999996 
3000 90 0.9199999999999999 
3500 300 0.56 
2000 150 0.96 
1200 400 -0.79 
2500 150 0.94 
800 80 0.96 
500 150 -1.0 
550 150 0.77 
4000 150 0.5800000000000001 
1400 400 0.030000000000000027 
1600 300 0.94 
1800 400 0.8 
3000 400 0.5900000000000001 
500 70 -1.0 
3000 300 0.79 
4000 200 0.3700000000000001 
500 90 0.050000000000000044 
3000 95 0.9199999999999999 
3500 125 0.56 
3500 200 0.43999999999999995 
700 80 0.7 
900 70 0.96 
4000 80 0.5800000000000001 
800 90 0.8200000000000001 
550 80 -0.26 
600 70 -0.24 
550 60 -0.24 
1400 150 0.96 
2500 95 0.94 
3500 95 0.56 
600 200 -0.6499999999999999 
1400 90 0.96 
1200 90 0.96 
2000 100 0.96 
1400 80 0.96 
1800 95 0.96 
1200 60 0.96 
2000 300 0.9299999999999999 
1600 80 0.96 
2000 70 0.97 
1400 125 0.96 
1400 60 0.96 
900 150 0.96 
1600 90 0.96 
700 125 0.96 
1200 70 0.96 
900 60 0.96 
4000 100 0.5800000000000001 
1600 100 0.96 
600 90 0.17999999999999994 
700 60 0.48 
1200 150 0.96 
700 100 0.28 
650 150 0.98 
600 150 -0.5800000000000001 
650 200 -0.16999999999999993 
800 95 0.6100000000000001 
2500 300 0.75 
700 200 -0.6699999999999999 
700 70 0.6799999999999999 
550 100 0.22999999999999998 
3500 80 0.56 
2000 80 0.97 
1800 60 0.96 
1000 95 0.96 
1400 95 0.96 
900 125 0.96 
650 70 0.9100000000000001 
600 80 0.3600000000000001 
1600 150 0.96 
800 125 0.96 
1000 150 0.96 
1000 60 0.96 
2000 200 0.94 
900 95 0.96 
1600 95 0.96 
700 90 0.79 
900 80 0.96 
800 70 0.25 
1000 300 0.77 
1600 400 0.6799999999999999 
900 90 0.95 
2000 95 0.96 
650 60 0.5 
1600 70 0.96 
1000 90 0.96 
1600 60 0.96 
1800 100 0.94 
2000 60 0.97 
800 60 0.8700000000000001 
900 300 -0.31999999999999995 
2000 90 0.96 
1600 200 0.96 
1800 70 0.96 
1800 150 0.99 
2500 60 0.94 
650 90 0.9000000000000001 
650 125 0.51 
4000 70 0.5800000000000001 
1200 125 0.96 
700 500 -1.0 
3500 90 0.56 
650 80 -0.48 
1200 300 0.69 
800 200 0.78 
1000 100 0.96 
900 200 0.95 
2500 200 0.94 
800 100 0.71 
650 95 -0.29000000000000004 
1200 100 0.96 
600 95 0.5700000000000001 
3000 80 0.9199999999999999 
2500 100 0.94 
1200 80 0.96 
1000 80 0.96 
1000 125 0.96 
3000 100 0.9199999999999999 
