1800.0 1200.0 0.394 
1400.0 125.0 -1.0 
2500.0 70.0 -1.0 
400.0 100.0 -1.0 
550.0 70.0 -1.0 
3000.0 125.0 -1.0 
400.0 95.0 -1.0 
900.0 200.0 0.39200000000000007 
600.0 80.0 -1.0 
800.0 400.0 0.458 
2500.0 95.0 -1.0 
1400.0 400.0 0.75 
2500.0 125.0 -1.0 
2500.0 200.0 0.16400000000000006 
2500.0 300.0 0.6860000000000002 
300.0 95.0 -1.0 
900.0 80.0 -1.0 
1000.0 600.0 0.5119999999999999 
900.0 90.0 -1.0 
1000.0 80.0 -1.0 
1000.0 90.0 -1.0 
650.0 300.0 0.6300000000000001 
1800.0 125.0 -1.0 
300.0 70.0 -1.0 
700.0 400.0 0.4640000000000001 
650.0 500.0 -0.386 
550.0 200.0 -0.054000000000000006 
1800.0 300.0 0.7380000000000001 
600.0 150.0 -0.646 
2000.0 100.0 -1.0 
3500.0 1600.0 -0.466 
650.0 70.0 -1.0 
1600.0 200.0 0.36000000000000004 
700.0 150.0 -0.6519999999999999 
2500.0 1600.0 0.11599999999999999 
1400.0 90.0 -1.0 
3000.0 800.0 0.5360000000000001 
550.0 60.0 -1.0 
1800.0 200.0 0.30200000000000016 
1800.0 500.0 0.7719999999999999 
4000.0 300.0 -0.5439999999999999 
900.0 100.0 -1.0 
3500.0 125.0 -1.0 
400.0 70.0 -1.0 
4000.0 150.0 -0.942 
400.0 90.0 -1.0 
650.0 100.0 -1.0 
800.0 150.0 -0.632 
2500.0 90.0 -1.0 
1800.0 400.0 0.7740000000000001 
1800.0 150.0 -0.726 
300.0 80.0 -1.0 
1600.0 60.0 -1.0 
1800.0 800.0 0.586 
2000.0 300.0 0.752 
3500.0 70.0 -1.0 
2000.0 70.0 -1.0 
2000.0 1400.0 0.302 
500.0 95.0 -1.0 
600.0 300.0 0.5760000000000001 
550.0 80.0 -1.0 
2500.0 600.0 0.5720000000000001 
1400.0 500.0 0.8539999999999999 
3500.0 2000.0 -0.396 
3000.0 400.0 0.18800000000000006 
1400.0 60.0 -1.0 
1000.0 70.0 -1.0 
500.0 70.0 -1.0 
400.0 200.0 -0.24400000000000005 
4000.0 2000.0 -0.616 
2500.0 2000.0 -0.38 
1000.0 800.0 0.68 
2000.0 200.0 0.36800000000000005 
1600.0 125.0 -1.0 
1400.0 70.0 -1.0 
2500.0 1200.0 0.35 
1600.0 300.0 0.8140000000000001 
3500.0 150.0 -0.908 
600.0 60.0 -1.0 
1400.0 150.0 -0.632 
600.0 400.0 0.3340000000000001 
1800.0 60.0 -1.0 
1400.0 600.0 0.792 
3000.0 1800.0 -0.24 
3000.0 1600.0 -0.010000000000000009 
300.0 90.0 -1.0 
550.0 125.0 -1.0 
650.0 200.0 0.42400000000000004 
3500.0 90.0 -1.0 
1000.0 500.0 0.6359999999999999 
1200.0 60.0 -1.0 
4000.0 1000.0 -0.774 
500.0 60.0 -1.0 
1800.0 600.0 0.6779999999999999 
900.0 95.0 -1.0 
3500.0 400.0 0.13200000000000003 
800.0 70.0 -1.0 
1000.0 100.0 -1.0 
3000.0 1400.0 -0.06600000000000003 
3500.0 1200.0 -0.46399999999999997 
900.0 300.0 0.6200000000000001 
550.0 100.0 -1.0 
550.0 90.0 -1.0 
3000.0 1000.0 0.12800000000000006 
3000.0 60.0 -1.0 
650.0 125.0 -1.0 
2000.0 1600.0 -0.25999999999999995 
4000.0 1600.0 -0.4779999999999999 
3000.0 2600.0 -0.492 
1200.0 150.0 -0.654 
1600.0 80.0 -1.0 
1400.0 800.0 0.67 
3000.0 1200.0 0.146 
2500.0 150.0 -0.624 
1200.0 70.0 -1.0 
3500.0 60.0 -1.0 
4000.0 60.0 -1.0 
1600.0 90.0 -1.0 
1200.0 200.0 0.4200000000000001 
3000.0 150.0 -0.7699999999999999 
3000.0 70.0 -1.0 
3500.0 300.0 -0.18799999999999997 
1800.0 90.0 -1.0 
650.0 150.0 -0.6199999999999999 
700.0 500.0 0.33799999999999997 
300.0 150.0 -1.0 
550.0 150.0 -0.728 
2500.0 400.0 0.7540000000000001 
700.0 300.0 0.6380000000000001 
1800.0 1400.0 -0.292 
600.0 100.0 -1.0 
800.0 200.0 0.4 
4000.0 125.0 -1.0 
900.0 400.0 0.4680000000000001 
650.0 90.0 -1.0 
3500.0 500.0 -0.30999999999999994 
1600.0 1200.0 0.022 
2000.0 60.0 -1.0 
1600.0 70.0 -1.0 
800.0 80.0 -1.0 
4000.0 1200.0 -0.568 
3500.0 3000.0 -0.79 
1600.0 1400.0 -0.508 
400.0 150.0 -0.806 
4000.0 1400.0 -0.54 
3000.0 100.0 -1.0 
1400.0 1000.0 0.18200000000000002 
1000.0 95.0 -1.0 
4000.0 200.0 -0.712 
3500.0 800.0 -0.16199999999999995 
1200.0 95.0 -1.0 
3500.0 95.0 -1.0 
1200.0 125.0 -1.0 
800.0 600.0 0.11199999999999999 
2500.0 1000.0 0.5040000000000001 
1800.0 1600.0 -0.5279999999999999 
1800.0 95.0 -1.0 
2000.0 1200.0 0.358 
1200.0 300.0 0.784 
500.0 300.0 0.09400000000000001 
3000.0 80.0 -1.0 
2000.0 500.0 0.768 
1600.0 95.0 -1.0 
2500.0 500.0 0.53 
4000.0 90.0 -1.0 
3000.0 95.0 -1.0 
1200.0 80.0 -1.0 
4000.0 800.0 -0.41 
2500.0 60.0 -1.0 
2000.0 800.0 0.516 
700.0 100.0 -1.0 
700.0 95.0 -1.0 
600.0 200.0 0.3620000000000001 
3500.0 1000.0 -0.188 
400.0 80.0 -1.0 
2000.0 150.0 -0.6679999999999999 
2000.0 90.0 -1.0 
3000.0 500.0 0.262 
2000.0 80.0 -1.0 
700.0 90.0 -1.0 
4000.0 3000.0 -0.758 
500.0 150.0 -0.826 
500.0 90.0 -1.0 
650.0 400.0 0.19200000000000003 
3000.0 600.0 0.20200000000000004 
800.0 60.0 -1.0 
1600.0 500.0 0.784 
1600.0 400.0 0.85 
2500.0 1800.0 -0.362 
1800.0 70.0 -1.0 
3500.0 80.0 -1.0 
4000.0 80.0 -1.0 
700.0 200.0 0.42600000000000016 
1200.0 1000.0 -0.152 
1400.0 80.0 -1.0 
1200.0 800.0 0.45199999999999996 
700.0 125.0 -1.0 
3000.0 90.0 -1.0 
1600.0 800.0 0.7040000000000001 
2500.0 80.0 -1.0 
900.0 70.0 -1.0 
1600.0 100.0 -1.0 
3500.0 200.0 -0.27199999999999996 
2000.0 600.0 0.692 
1200.0 500.0 0.76 
4000.0 70.0 -1.0 
600.0 95.0 -1.0 
900.0 500.0 0.5900000000000001 
1600.0 1000.0 0.588 
2000.0 95.0 -1.0 
800.0 95.0 -1.0 
900.0 150.0 -0.6839999999999999 
1000.0 300.0 0.64 
4000.0 600.0 -0.35 
650.0 80.0 -1.0 
550.0 300.0 0.03200000000000003 
1600.0 600.0 0.752 
1000.0 200.0 0.384 
1000.0 400.0 0.5740000000000001 
3500.0 600.0 0.15200000000000002 
2000.0 125.0 -1.0 
2500.0 1400.0 0.372 
600.0 70.0 -1.0 
1200.0 90.0 -1.0 
1400.0 200.0 0.4600000000000001 
600.0 125.0 -1.0 
2000.0 1000.0 0.378 
2000.0 1800.0 -0.534 
500.0 200.0 -0.10199999999999998 
600.0 90.0 -1.0 
1000.0 150.0 -0.6199999999999999 
4000.0 3500.0 -0.914 
4000.0 100.0 -1.0 
1800.0 100.0 -1.0 
400.0 125.0 -1.0 
550.0 95.0 -1.0 
3000.0 300.0 0.09800000000000005 
1800.0 1000.0 0.532 
800.0 500.0 0.4739999999999999 
700.0 70.0 -1.0 
3500.0 1400.0 -0.242 
1600.0 150.0 -0.6359999999999999 
4000.0 95.0 -1.0 
1400.0 1200.0 -0.18000000000000002 
1200.0 600.0 0.736 
500.0 125.0 -1.0 
1800.0 80.0 -1.0 
300.0 125.0 -1.0 
650.0 95.0 -1.0 
4000.0 2600.0 -0.7600000000000001 
550.0 400.0 -0.476 
3000.0 2000.0 -0.274 
700.0 80.0 -1.0 
500.0 80.0 -1.0 
1400.0 300.0 0.7920000000000001 
4000.0 500.0 -0.392 
800.0 300.0 0.664 
800.0 90.0 -1.0 
3500.0 1800.0 -0.354 
3500.0 100.0 -1.0 
800.0 100.0 -1.0 
1000.0 125.0 -1.0 
700.0 60.0 -1.0 
3500.0 2600.0 -0.6799999999999999 
400.0 60.0 -1.0 
