1800.0 1200.0 0.6340000000000001 
1800.0 800.0 0.6380000000000001 
800.0 400.0 0.27599999999999997 
800.0 500.0 0.006000000000000005 
2000.0 1200.0 0.882 
3000.0 1800.0 0.728 
800.0 600.0 -0.488 
4000.0 300.0 0.516 
1200.0 400.0 0.8779999999999999 
2500.0 1600.0 0.726 
550.0 300.0 0.038000000000000034 
3000.0 1200.0 0.508 
2500.0 300.0 0.786 
1400.0 400.0 0.8800000000000001 
2500.0 2000.0 0.834 
1000.0 500.0 0.5960000000000001 
2000.0 1400.0 0.792 
600.0 400.0 0.13599999999999998 
3000.0 1000.0 0.398 
2500.0 200.0 0.8879999999999999 
2500.0 1000.0 0.6399999999999999 
1600.0 500.0 0.882 
3500.0 300.0 0.42400000000000004 
650.0 500.0 -0.508 
3500.0 1600.0 0.496 
4000.0 1600.0 0.4960000000000001 
3500.0 200.0 0.534 
550.0 200.0 0.45400000000000007 
650.0 300.0 0.6700000000000002 
900.0 600.0 0.11800000000000004 
3000.0 800.0 0.708 
900.0 300.0 0.6759999999999999 
700.0 500.0 -0.08 
650.0 400.0 0.16 
2500.0 400.0 0.79 
1400.0 600.0 0.85 
4000.0 200.0 0.454 
1200.0 500.0 0.82 
700.0 400.0 0.352 
2500.0 1200.0 0.6619999999999999 
2000.0 1600.0 0.308 
600.0 300.0 0.45400000000000007 
1600.0 800.0 0.8440000000000001 
1800.0 200.0 0.9399999999999998 
650.0 200.0 0.8860000000000001 
2000.0 300.0 0.9479999999999998 
1600.0 1400.0 0.2080000000000001 
1600.0 300.0 0.866 
1800.0 500.0 0.868 
2500.0 600.0 0.876 
1000.0 600.0 0.29000000000000004 
1400.0 500.0 0.8940000000000001 
2000.0 200.0 0.946 
900.0 200.0 0.898 
2500.0 500.0 0.8280000000000001 
1200.0 1000.0 -0.41400000000000003 
2000.0 800.0 0.7959999999999999 
1000.0 800.0 -0.22800000000000004 
3500.0 500.0 0.372 
1200.0 200.0 0.9119999999999999 
3000.0 500.0 0.5960000000000001 
1800.0 300.0 0.9359999999999999 
1600.0 200.0 0.898 
1800.0 600.0 0.8399999999999999 
400.0 200.0 0.14600000000000005 
900.0 400.0 0.5120000000000001 
1000.0 200.0 0.8619999999999999 
4000.0 1400.0 0.49400000000000005 
2500.0 1800.0 0.484 
4000.0 500.0 0.14000000000000004 
2000.0 400.0 0.9339999999999999 
600.0 200.0 0.76 
3000.0 2000.0 0.684 
3000.0 1400.0 0.596 
3000.0 1600.0 0.612 
4000.0 1200.0 0.298 
4000.0 2000.0 0.21400000000000005 
3500.0 1400.0 0.47400000000000003 
3000.0 400.0 0.508 
1800.0 400.0 0.922 
1400.0 800.0 0.7100000000000002 
3500.0 400.0 0.396 
1400.0 200.0 0.8440000000000001 
3500.0 1200.0 0.406 
1800.0 1400.0 0.4720000000000001 
4000.0 1800.0 0.37600000000000006 
1400.0 1200.0 0.07200000000000004 
3500.0 2600.0 0.384 
4000.0 2600.0 0.302 
1000.0 400.0 0.6280000000000001 
4000.0 3000.0 0.20999999999999996 
1000.0 300.0 0.79 
1200.0 800.0 0.048 
3500.0 3000.0 0.44399999999999995 
500.0 300.0 0.35600000000000004 
2000.0 600.0 0.788 
2000.0 500.0 0.8699999999999999 
2500.0 800.0 0.642 
700.0 300.0 0.7040000000000001 
1800.0 1000.0 0.7380000000000001 
800.0 300.0 0.692 
800.0 200.0 0.8539999999999999 
3000.0 200.0 0.6000000000000001 
700.0 200.0 0.8780000000000001 
1400.0 300.0 0.8720000000000001 
500.0 200.0 0.4940000000000001 
3500.0 1000.0 0.354 
2000.0 1000.0 0.5439999999999999 
1800.0 1600.0 0.3040000000000001 
3500.0 1800.0 0.48200000000000004 
4000.0 600.0 0.30000000000000004 
3000.0 300.0 0.646 
4000.0 3500.0 -0.322 
2000.0 1800.0 -0.19 
550.0 400.0 -0.6060000000000001 
1400.0 1000.0 0.22600000000000006 
1600.0 1000.0 0.6900000000000001 
1600.0 400.0 0.9179999999999999 
3000.0 2600.0 0.5660000000000001 
3500.0 600.0 0.5 
3500.0 800.0 0.642 
4000.0 800.0 0.458 
3500.0 2000.0 0.43600000000000005 
900.0 500.0 0.35400000000000004 
2500.0 1400.0 0.7959999999999999 
3000.0 600.0 0.764 
1200.0 300.0 0.834 
1600.0 1200.0 0.37600000000000006 
1200.0 600.0 0.5980000000000001 
4000.0 400.0 0.27 
1600.0 600.0 0.8699999999999999 
4000.0 1000.0 0.268 
