1800 1200 0.42999999999999994 
1400 125 -1.0 
2500 70 -1.0 
400 100 -1.0 
550 70 -1.0 
3000 125 -1.0 
400 95 -1.0 
900 200 0.5800000000000001 
600 80 -1.0 
800 400 0.3500000000000001 
2500 95 -1.0 
1400 400 0.81 
2500 125 -1.0 
2500 200 0.8800000000000001 
2500 300 0.8200000000000001 
300 95 -1.0 
900 80 -1.0 
1000 600 0.52 
900 90 -1.0 
1000 80 -1.0 
1000 90 -1.0 
650 300 0.71 
1800 125 -1.0 
300 70 -1.0 
700 400 0.25 
650 500 -1.0 
550 200 0.3600000000000001 
1800 300 0.6600000000000001 
600 150 -1.0 
2000 100 -1.0 
3500 1600 0.27 
650 70 -1.0 
1600 200 0.8200000000000001 
700 150 -1.0 
2500 1600 0.31000000000000005 
1400 90 -1.0 
3000 800 0.6300000000000001 
550 60 -1.0 
1800 200 0.3700000000000001 
1800 500 0.69 
4000 300 -0.6 
900 100 -1.0 
3500 125 -1.0 
400 70 -1.0 
4000 150 -1.0 
400 90 -1.0 
650 100 -1.0 
800 150 -1.0 
2500 90 -1.0 
1800 400 0.96 
1800 150 -1.0 
300 80 -1.0 
1600 60 -1.0 
1800 800 0.56 
2000 300 0.9299999999999999 
3500 70 -1.0 
2000 70 -1.0 
2000 1400 0.050000000000000044 
500 95 -1.0 
600 300 0.78 
550 80 -1.0 
2500 600 0.8900000000000001 
1400 500 0.8 
3500 2000 -0.15000000000000002 
3000 400 0.51 
1400 60 -1.0 
1000 70 -1.0 
500 70 -1.0 
400 200 -0.030000000000000027 
4000 2000 -0.7 
2500 2000 -0.78 
1000 800 0.77 
2000 200 0.6600000000000001 
1600 125 -1.0 
1400 70 -1.0 
2500 1200 0.5900000000000001 
1600 300 0.77 
3500 150 -1.0 
600 60 -1.0 
1400 150 -1.0 
600 400 0.8900000000000001 
1800 60 -1.0 
1400 600 0.9199999999999999 
3000 1800 -0.29000000000000004 
3000 1600 -0.55 
300 90 -1.0 
550 125 -1.0 
650 200 0.9000000000000001 
3500 90 -1.0 
1000 500 0.7 
1200 60 -1.0 
4000 1000 -0.95 
500 60 -1.0 
1800 600 0.72 
900 95 -1.0 
3500 400 0.040000000000000036 
800 70 -1.0 
1000 100 -1.0 
3000 1400 0.20999999999999996 
3500 1200 -0.61 
900 300 0.6400000000000001 
550 100 -1.0 
550 90 -1.0 
3000 1000 0.69 
3000 60 -1.0 
650 125 -1.0 
2000 1600 0.24 
4000 1600 -0.71 
3000 2600 -0.71 
1200 150 -1.0 
1600 80 -1.0 
1400 800 0.79 
3000 1200 -0.15000000000000002 
2500 150 -1.0 
1200 70 -1.0 
3500 60 -1.0 
4000 60 -1.0 
1600 90 -1.0 
1200 200 0.73 
3000 150 -1.0 
3000 70 -1.0 
3500 300 0.010000000000000009 
1800 90 -1.0 
650 150 -1.0 
700 500 0.96 
300 150 -1.0 
550 150 -1.0 
2500 400 0.6500000000000001 
700 300 0.6500000000000001 
1800 1400 0.030000000000000027 
600 100 -1.0 
800 200 0.8400000000000001 
4000 125 -1.0 
900 400 0.33000000000000007 
650 90 -1.0 
3500 500 0.06000000000000005 
1600 1200 0.42999999999999994 
2000 60 -1.0 
1600 70 -1.0 
800 80 -1.0 
4000 1200 -0.37 
3500 3000 -0.83 
1600 1400 -1.0 
400 150 -1.0 
4000 1400 -0.54 
3000 100 -1.0 
1400 1000 0.47 
1000 95 -1.0 
4000 200 -0.71 
3500 800 0.5800000000000001 
1200 95 -1.0 
3500 95 -1.0 
1200 125 -1.0 
800 600 -0.16000000000000003 
2500 1000 0.1200000000000001 
1800 1600 -0.97 
1800 95 -1.0 
2000 1200 0.49 
1200 300 0.6300000000000001 
500 300 0.29000000000000004 
3000 80 -1.0 
2000 500 0.69 
1600 95 -1.0 
2500 500 0.8300000000000001 
4000 90 -1.0 
3000 95 -1.0 
1200 80 -1.0 
4000 800 -0.95 
2500 60 -1.0 
2000 800 0.45999999999999996 
700 100 -1.0 
700 95 -1.0 
600 200 0.77 
3500 1000 -0.6499999999999999 
400 80 -1.0 
2000 150 -1.0 
2000 90 -1.0 
3000 500 -0.41000000000000003 
2000 80 -1.0 
700 90 -1.0 
4000 3000 -0.5700000000000001 
500 150 -1.0 
500 90 -1.0 
650 400 0.1100000000000001 
3000 600 0.32000000000000006 
800 60 -1.0 
1600 500 0.8 
1600 400 0.9100000000000001 
2500 1800 -0.12 
1800 70 -1.0 
3500 80 -1.0 
4000 80 -1.0 
700 200 0.74 
1200 1000 -0.6 
1400 80 -1.0 
1200 800 0.5700000000000001 
700 125 -1.0 
3000 90 -1.0 
1600 800 0.6000000000000001 
2500 80 -1.0 
900 70 -1.0 
1600 100 -1.0 
3500 200 -0.54 
2000 600 0.7 
1200 500 0.94 
4000 70 -1.0 
600 95 -1.0 
900 500 0.7 
1600 1000 0.8500000000000001 
2000 95 -1.0 
800 95 -1.0 
900 150 -1.0 
1000 300 0.71 
4000 600 0.21999999999999997 
650 80 -1.0 
550 300 -0.27 
1600 600 0.72 
1000 200 0.9000000000000001 
1000 400 0.32000000000000006 
3500 600 -0.42000000000000004 
2000 125 -1.0 
2500 1400 0.7 
600 70 -1.0 
1200 90 -1.0 
1400 200 0.8400000000000001 
600 125 -1.0 
2000 1000 0.22999999999999998 
2000 1800 -0.9299999999999999 
500 200 -0.13 
600 90 -1.0 
1000 150 -1.0 
4000 3500 -1.0 
4000 100 -1.0 
1800 100 -1.0 
400 125 -1.0 
550 95 -1.0 
3000 300 0.15000000000000013 
1800 1000 0.5900000000000001 
800 500 0.52 
700 70 -1.0 
3500 1400 -0.54 
1600 150 -1.0 
4000 95 -1.0 
1400 1200 -0.6 
1200 600 0.73 
500 125 -1.0 
1800 80 -1.0 
300 125 -1.0 
650 95 -1.0 
4000 2600 -0.8200000000000001 
550 400 -1.0 
3000 2000 0.56 
700 80 -1.0 
500 80 -1.0 
1400 300 0.9100000000000001 
4000 500 -0.8200000000000001 
800 300 0.8400000000000001 
800 90 -1.0 
3500 1800 -0.8 
3500 100 -1.0 
800 100 -1.0 
1000 125 -1.0 
700 60 -1.0 
3500 2600 -0.89 
400 60 -1.0 
