300 60 -1.0 
300 80 -1.0 
700 70 -1.0 
550 95 -1.0 
2500 70 -1.0 
550 70 -1.0 
900 60 -1.0 
1800 1200 0.8 
500 100 -1.0 
1800 800 0.71 
2500 90 -1.0 
800 400 0.24 
800 500 -0.08999999999999997 
500 90 -1.0 
600 80 -1.0 
650 60 -1.0 
2000 1200 0.8 
1000 70 -1.0 
3000 1800 0.94 
500 95 -1.0 
400 90 -1.0 
300 70 -1.0 
800 600 -0.9 
400 80 -1.0 
400 95 -1.0 
4000 300 0.5 
1200 400 0.94 
2500 1600 0.6699999999999999 
2500 95 -1.0 
550 300 -0.49 
900 95 -1.0 
1400 150 0.8400000000000001 
650 70 -1.0 
2000 150 0.3500000000000001 
900 90 -1.0 
1000 80 -1.0 
3000 1200 0.45999999999999996 
3000 125 -0.91 
2500 300 0.96 
1400 400 0.94 
2500 2000 0.8400000000000001 
700 95 -1.0 
550 90 -1.0 
900 80 -1.0 
1000 500 0.6400000000000001 
2000 1400 0.9199999999999999 
550 100 -1.0 
1800 125 0.9000000000000001 
600 400 0.45999999999999996 
700 125 0.8300000000000001 
550 80 -1.0 
3000 1000 0.20999999999999996 
300 90 -1.0 
2500 200 0.8500000000000001 
2500 1000 0.15999999999999992 
1600 500 0.8500000000000001 
3500 300 0.8200000000000001 
650 500 -1.0 
1800 150 0.97 
3500 1600 0.3700000000000001 
800 150 0.26 
800 125 0.3400000000000001 
4000 1600 0.5800000000000001 
3500 200 0.27 
550 200 0.6100000000000001 
4000 70 -1.0 
650 300 0.8800000000000001 
900 600 0.3500000000000001 
3000 800 0.76 
3000 60 -1.0 
1000 90 -1.0 
500 60 -1.0 
1000 95 -1.0 
700 150 0.6000000000000001 
2000 70 -1.0 
900 300 0.8300000000000001 
700 500 0.22999999999999998 
650 400 0.22999999999999998 
900 70 -1.0 
2500 400 0.9000000000000001 
900 100 -1.0 
2500 125 0.8500000000000001 
1600 125 0.8600000000000001 
1400 600 0.9000000000000001 
700 90 -1.0 
1600 80 -1.0 
4000 200 0.5 
3000 100 -1.0 
650 100 -1.0 
1200 500 0.9299999999999999 
700 400 0.22999999999999998 
600 150 0.8300000000000001 
1600 60 -1.0 
2500 1200 0.9299999999999999 
1600 90 -1.0 
1600 95 -1.0 
2000 1600 0.6600000000000001 
1400 60 -1.0 
2000 90 -1.0 
1200 125 0.9000000000000001 
2000 95 -1.0 
600 300 0.53 
2500 150 0.76 
1600 800 0.8800000000000001 
1800 200 0.98 
650 200 0.8800000000000001 
2000 300 0.96 
1600 1400 -0.05999999999999994 
1600 300 0.8900000000000001 
1800 500 0.8500000000000001 
2500 600 0.9000000000000001 
600 60 -1.0 
4000 150 -0.84 
1600 70 -1.0 
1000 600 0.24 
1400 500 0.8500000000000001 
3500 70 -1.0 
2000 200 0.97 
2000 80 -1.0 
900 200 0.9299999999999999 
500 150 0.8500000000000001 
3500 60 -1.0 
3500 150 -0.45999999999999996 
300 95 -1.0 
650 125 0.8900000000000001 
1200 150 0.98 
2500 500 0.74 
2000 100 -1.0 
1200 1000 -1.0 
1400 125 0.8900000000000001 
1400 70 -1.0 
500 70 -1.0 
2000 800 0.44999999999999996 
1000 800 -0.52 
600 100 -1.0 
1400 90 -1.0 
3500 500 0.25 
1200 60 -1.0 
1200 200 0.9199999999999999 
3000 500 0.73 
550 60 -1.0 
1800 300 0.8800000000000001 
1600 200 0.8900000000000001 
1200 80 -1.0 
1400 95 -1.0 
1800 600 0.8 
400 200 0.020000000000000018 
3500 125 0.15000000000000013 
900 400 0.32000000000000006 
1000 200 0.9199999999999999 
4000 1400 0.5800000000000001 
2500 1800 0.76 
1600 100 -1.0 
4000 500 0.06000000000000005 
2000 60 -1.0 
2000 400 0.97 
1800 90 -1.0 
400 100 -1.0 
600 200 0.8900000000000001 
1200 90 -1.0 
800 90 -1.0 
4000 60 -1.0 
3000 2000 0.8900000000000001 
4000 125 -0.20999999999999996 
3000 1400 0.5 
3000 1600 0.5800000000000001 
4000 1200 0.25 
800 100 -1.0 
4000 2000 0.09000000000000008 
3500 1400 0.48 
3000 400 0.3800000000000001 
1800 95 -1.0 
1800 70 -1.0 
1800 400 0.97 
1400 800 0.8400000000000001 
1800 60 -1.0 
800 70 -1.0 
800 95 -1.0 
400 60 -1.0 
900 150 0.94 
3500 400 0.27 
1400 200 0.8400000000000001 
300 125 -1.0 
700 100 -1.0 
3500 100 -1.0 
3500 1200 0.43999999999999995 
1000 100 -1.0 
1800 1400 0.6200000000000001 
2500 80 -1.0 
1800 80 -1.0 
600 125 -0.09999999999999998 
4000 1800 0.3700000000000001 
1400 1200 -0.32999999999999996 
1000 125 0.8900000000000001 
1000 150 0.9000000000000001 
650 150 0.96 
3500 2600 0.47 
2500 60 -1.0 
4000 2600 0.26 
1000 60 -1.0 
1400 80 -1.0 
1000 400 0.6200000000000001 
3000 95 -1.0 
3500 80 -1.0 
500 125 -0.48 
4000 3000 0.42999999999999994 
1000 300 0.6200000000000001 
550 125 0.75 
1200 800 0.17999999999999994 
3500 3000 0.43999999999999995 
1200 70 -1.0 
700 80 -1.0 
600 95 -1.0 
500 300 0.54 
650 90 -1.0 
2000 600 0.9199999999999999 
2000 500 0.8700000000000001 
600 70 -1.0 
2500 800 0.94 
500 80 -1.0 
700 300 0.8300000000000001 
1800 1000 0.3500000000000001 
800 300 0.6799999999999999 
800 200 0.8800000000000001 
3000 200 0.81 
700 200 0.9000000000000001 
900 125 0.8500000000000001 
1400 300 0.73 
500 200 0.6500000000000001 
3500 1000 0.40000000000000013 
400 70 -1.0 
2000 1000 0.96 
4000 95 -1.0 
1800 1600 0.08000000000000007 
2000 125 0.9000000000000001 
550 150 0.8900000000000001 
3000 90 -1.0 
650 95 -1.0 
3500 1800 0.47 
4000 80 -1.0 
2500 100 -1.0 
4000 600 0.07000000000000006 
600 90 -1.0 
3000 300 0.26 
300 100 -1.0 
1800 100 -1.0 
700 60 -1.0 
4000 3500 -0.51 
2000 1800 -0.79 
3500 90 -1.0 
400 125 -0.4 
1200 100 -1.0 
3000 150 0.81 
550 400 -1.0 
1400 100 -1.0 
3500 95 -1.0 
1200 95 -1.0 
800 60 -1.0 
1400 1000 0.75 
300 150 -1.0 
400 150 -0.32999999999999996 
1600 1000 0.8700000000000001 
1600 400 0.94 
3000 2600 0.49 
4000 90 -1.0 
3500 600 0.55 
3500 800 0.75 
4000 800 0.75 
3500 2000 0.26 
3000 80 -1.0 
900 500 0.55 
800 80 -1.0 
650 80 -1.0 
3000 70 -1.0 
2500 1400 0.96 
3000 600 0.8800000000000001 
4000 100 -1.0 
1200 300 0.96 
1600 1200 0.6000000000000001 
1200 600 0.74 
4000 400 0.26 
1600 600 0.9199999999999999 
4000 1000 -0.030000000000000027 
1600 150 0.43999999999999995 
