-1.0 1.0 1.0 1.0
-0.9 0.06894464591576817 1.0 1.0
-0.8 0.054686389711497876 1.0 1.0
-0.7 0.04755294187696456 1.0 1.0
-0.6 0.042942170495617014 1.0 1.0
-0.5 0.03907253853526387 1.0 1.0
-0.3999999999999999 0.035694126293640854 1.0 1.0
-0.29999999999999993 0.032339483796160515 1.0 1.0
-0.19999999999999996 0.029283266028903954 1.0 1.0
-0.09999999999999998 0.026450678022527277 1.0 1.0
0.0 0.023626909754823483 1.0 1.0
0.10000000000000009 0.02129556544362883 0.07775449232030578 0.07527189897645205
0.20000000000000018 0.019033802535581276 0.051400771697104074 0.04913676331472945
0.30000000000000004 0.01674591306363561 0.037747724127139205 0.03644664299000237
0.40000000000000013 0.01410398124461926 0.029712093290374955 0.028759636637153713
0.5 0.011647870786122148 0.023580465869673106 0.022774810953754207
0.6000000000000001 0.00960582227415189 0.01900508903541017 0.017998281810268232
0.7000000000000002 0.008080964476663349 0.014502372403892428 0.01315985216831177
0.8 0.006548328001724671 0.010047078171379415 0.008762222557064712
0.9000000000000001 0.004520142642715777 0.004969633043057022 0.004235189291309583
1.0 0.0 0.0 0.0
