3000.0 125.0 0.7910515869669272 
4000.0 400.0 -0.19882875313047033 
600.0 95.0 0.4818069687040669 
700.0 90.0 0.749504239848584 
2500.0 60.0 0.8979625097631612 
1800.0 70.0 0.9440129598816454 
3000.0 1400.0 -0.9999993295694837 
3000.0 150.0 0.7798933283006821 
600.0 100.0 0.4652675153557113 
1600.0 1200.0 -0.9999999951370485 
1200.0 95.0 0.9390484604794418 
2500.0 1400.0 -0.9999999558118955 
1600.0 500.0 -0.10823589476495998 
3500.0 500.0 -0.18376769618988242 
1000.0 125.0 0.9052199138667791 
1200.0 1000.0 -0.9999999742056594 
1200.0 90.0 0.9400577423351411 
3500.0 2600.0 -1.0 
550.0 70.0 0.3221979550513734 
400.0 125.0 -0.8804028752738247 
4000.0 3500.0 -1.0 
1200.0 100.0 0.9379637168601831 
1800.0 300.0 0.8378816655321017 
300.0 150.0 -0.9983405107684891 
600.0 400.0 -0.9925712435202253 
1800.0 800.0 -0.9924795222810517 
4000.0 70.0 0.2990814812940714 
3500.0 2000.0 -0.9999999999992591 
400.0 80.0 -0.7898076564777243 
1800.0 500.0 0.06632752063630964 
550.0 100.0 0.2084862069938933 
1400.0 70.0 0.9486384417322871 
1800.0 90.0 0.9418337250945936 
900.0 60.0 0.9079696560741506 
3000.0 60.0 0.8093657660273783 
600.0 200.0 -0.1527898717314755 
4000.0 2600.0 -1.0 
1400.0 150.0 0.9326963206770231 
4000.0 1600.0 -0.9999998204631659 
1000.0 100.0 0.9165594455071091 
3000.0 2000.0 -0.999999999999989 
4000.0 600.0 -0.696442376937662 
650.0 200.0 0.13690864381872436 
300.0 80.0 -0.993109624419952 
2500.0 800.0 -0.951845451480833 
550.0 90.0 0.25167910111836056 
3000.0 600.0 -0.3980979027671979 
3000.0 1800.0 -0.9999999999912811 
700.0 200.0 0.3625258529597597 
3500.0 80.0 0.6200925917065212 
1600.0 1400.0 -0.9999999999990781 
1200.0 200.0 0.8914336133151821 
550.0 400.0 -0.9977392351777842 
2000.0 70.0 0.9362604405982109 
2000.0 80.0 0.9352035541414003 
300.0 90.0 -0.9940727282186691 
700.0 100.0 0.7338020980943285 
1400.0 600.0 -0.8912749236807218 
1800.0 100.0 0.9404950861741732 
1600.0 150.0 0.9344281463180213 
650.0 500.0 -0.9994803301399798 
3000.0 200.0 0.749023914403443 
2000.0 60.0 0.9371621279454179 
700.0 60.0 0.7834942867391887 
400.0 200.0 -0.9750219016182864 
1200.0 800.0 -0.9999294437041939 
650.0 90.0 0.6527000832532226 
2500.0 500.0 0.20095449041369173 
1600.0 100.0 0.944603371155099 
600.0 90.0 0.4971864037976439 
1600.0 400.0 0.5561392246558514 
1400.0 60.0 0.9496325533529311 
2500.0 1000.0 -0.9988952557949813 
600.0 70.0 0.5480226912729289 
1400.0 500.0 -0.3730961870568186 
1000.0 800.0 -0.9999969109195853 
500.0 95.0 -0.12467935593960389 
2000.0 90.0 0.933983202887652 
3500.0 1400.0 -0.9999965008630153 
800.0 60.0 0.8691465297293746 
2500.0 90.0 0.8936512429624963 
3000.0 90.0 0.8026803900487725 
3500.0 300.0 0.391752732322854 
650.0 60.0 0.7013619463425762 
500.0 80.0 -0.0556200176959698 
1600.0 300.0 0.829476476001787 
1800.0 150.0 0.9307670765497074 
4000.0 3000.0 -1.0 
1400.0 80.0 0.9474639587955913 
1000.0 90.0 0.9200546714982116 
2500.0 1800.0 -0.9999999999999394 
650.0 300.0 -0.7048288956483606 
500.0 60.0 0.018775014443647597 
1000.0 600.0 -0.9950154085328876 
800.0 80.0 0.8580841082845252 
1200.0 400.0 0.14829497918251944 
400.0 100.0 -0.8308052814501414 
4000.0 500.0 -0.46043221886224306 
700.0 150.0 0.6081678619681745 
1600.0 200.0 0.9164352848437047 
400.0 60.0 -0.7519638891571208 
4000.0 1400.0 -0.999990626171972 
4000.0 80.0 0.29455930930792706 
1800.0 80.0 0.9430028729568716 
650.0 400.0 -0.9800696233641406 
900.0 70.0 0.9048764294359637 
2000.0 1400.0 -0.9999999995499761 
500.0 70.0 -0.015819712323395296 
900.0 100.0 0.891682637164317 
2500.0 70.0 0.8967337953474819 
500.0 125.0 -0.2915157116079258 
3500.0 1000.0 -0.9951641290371226 
2000.0 800.0 -0.9837950592526593 
2500.0 300.0 0.7749532891254733 
1200.0 500.0 -0.6847519377494974 
2000.0 300.0 0.8329573445067131 
1400.0 90.0 0.9460955333161452 
400.0 95.0 -0.8204874741648949 
1200.0 80.0 0.9418637191123795 
3000.0 95.0 0.8012824139969172 
4000.0 1200.0 -0.9997111079441238 
1400.0 200.0 0.9110859905921833 
300.0 70.0 -0.9921295854318442 
800.0 500.0 -0.991105746733325 
1800.0 1400.0 -0.999999999969944 
650.0 150.0 0.455056145704267 
1000.0 95.0 0.9183730682820477 
1400.0 95.0 0.9453336774159338 
2500.0 125.0 0.8860417704316679 
3500.0 1800.0 -0.9999999997729837 
2500.0 2000.0 -1.0 
900.0 80.0 0.9011763612152153 
1600.0 60.0 0.9491032037774292 
1800.0 95.0 0.9411863074069713 
1000.0 60.0 0.9277244430554943 
3000.0 70.0 0.8074530030167715 
3500.0 400.0 0.15082244496300024 
3000.0 80.0 0.8052277993846266 
4000.0 95.0 0.2866274478861679 
1600.0 90.0 0.945984899153012 
3500.0 3000.0 -1.0 
2000.0 1000.0 -0.9998584364224933 
400.0 150.0 -0.9225027111099348 
2500.0 1600.0 -0.9999999999211356 
2000.0 500.0 0.16441688836301838 
4000.0 100.0 0.28367426214483715 
3500.0 1600.0 -0.9999999619108559 
300.0 125.0 -0.9969534647354301 
800.0 125.0 0.8148899152725659 
4000.0 200.0 0.1906604977620181 
550.0 125.0 0.076426917021587 
3500.0 1200.0 -0.9998240051292044 
2000.0 1200.0 -0.9999995724423444 
700.0 70.0 0.7741177134659343 
1800.0 400.0 0.6161845390660472 
3000.0 500.0 0.060746806045279156 
2000.0 100.0 0.932589740211647 
3000.0 1000.0 -0.996903705517872 
2500.0 80.0 0.8952995363815042 
800.0 100.0 0.8425290888793637 
300.0 100.0 -0.9949901219127735 
700.0 500.0 -0.998442749125417 
1400.0 400.0 0.423335713236352 
600.0 150.0 0.2263135105126497 
2500.0 1200.0 -0.999989346054866 
900.0 200.0 0.7675997137090207 
3500.0 60.0 0.6264868685845344 
900.0 125.0 0.8749412365887665 
400.0 70.0 -0.7702314225538885 
2500.0 200.0 0.857421525303699 
400.0 90.0 -0.8101726474465463 
4000.0 60.0 0.3029972757916948 
550.0 300.0 -0.9367095870264721 
1400.0 125.0 0.9395207383929167 
1800.0 1200.0 -0.999999938828046 
2000.0 1800.0 -1.0 
1000.0 150.0 0.889110371153305 
1000.0 200.0 0.8342444947945824 
4000.0 90.0 0.289425506349831 
2000.0 600.0 -0.5060047267486572 
1600.0 800.0 -0.9974052954458512 
650.0 70.0 0.6879078797937299 
2000.0 400.0 0.6364572054134889 
800.0 300.0 -0.06601545444939227 
1800.0 1000.0 -0.9999614050737515 
1000.0 400.0 -0.3425174190759548 
800.0 600.0 -0.9997630762857063 
1600.0 125.0 0.9402676879033989 
2500.0 150.0 0.8786114106184626 
500.0 300.0 -0.9787864496513929 
1000.0 500.0 -0.9128272426580345 
800.0 200.0 0.6359747303179164 
3500.0 800.0 -0.9294864621860343 
4000.0 800.0 -0.9450780553849666 
600.0 125.0 0.363519527530783 
1400.0 1000.0 -0.9999993352719778 
3000.0 100.0 0.7997995683165962 
2000.0 125.0 0.9282715213144503 
900.0 500.0 -0.9673337196155926 
500.0 200.0 -0.7376992393683398 
2500.0 400.0 0.5870329969678703 
1200.0 125.0 0.9312626247558089 
3000.0 1600.0 -0.9999999965644204 
700.0 80.0 0.7628587005705318 
3500.0 150.0 0.58185658091674 
3500.0 70.0 0.6235256780675211 
4000.0 1000.0 -0.9947561946362007 
3500.0 600.0 -0.536860187555462 
3000.0 800.0 -0.9291114127342558 
550.0 95.0 0.23076253801104007 
1000.0 80.0 0.9230491898333604 
550.0 200.0 -0.46904290771529933 
300.0 60.0 -0.9911666297319333 
1800.0 125.0 0.9363229543631426 
550.0 80.0 0.2895165776212276 
900.0 400.0 -0.622542453144288 
1200.0 600.0 -0.9672346320705577 
1400.0 1200.0 -0.999999999833021 
3500.0 200.0 0.5371906194618785 
650.0 125.0 0.5575296109380343 
650.0 100.0 0.6303359472449865 
4000.0 2000.0 -0.9999999999864492 
4000.0 1800.0 -0.9999999979699704 
600.0 60.0 0.5676275328762144 
2000.0 1600.0 -0.9999999999998349 
1000.0 70.0 0.9255921312903246 
600.0 300.0 -0.849577662413692 
3000.0 400.0 0.4248023868056252 
1600.0 70.0 0.9482235092022624 
800.0 70.0 0.864117187573548 
800.0 400.0 -0.8397218484530224 
900.0 150.0 0.8508902249079815 
700.0 300.0 -0.5083061985905251 
700.0 125.0 0.6822302722330018 
600.0 80.0 0.5246518169348877 
500.0 90.0 -0.10045683103369019 
1400.0 300.0 0.7989208444869698 
4000.0 125.0 0.2665523446297875 
500.0 100.0 -0.15004216770950263 
1200.0 150.0 0.9219468424459722 
3000.0 1200.0 -0.999935209308909 
1400.0 100.0 0.9445171021401488 
2000.0 95.0 0.9333087704191256 
700.0 400.0 -0.9545760787850737 
4000.0 150.0 0.24542155353531725 
500.0 150.0 -0.4480503346429209 
2000.0 200.0 0.905725450306722 
1600.0 80.0 0.9471875364434934 
1200.0 60.0 0.9447070447748049 
1800.0 1600.0 -0.9999999999999954 
1600.0 1000.0 -0.9999931311663735 
2000.0 150.0 0.9225750078590036 
1000.0 300.0 0.5090095109986028 
1600.0 95.0 0.9453173375848449 
2500.0 100.0 0.8917790900069518 
800.0 95.0 0.8468976176522336 
3500.0 100.0 0.6117701574695988 
300.0 95.0 -0.9945386967381435 
3500.0 95.0 0.6140363298401366 
550.0 150.0 -0.08823703030362151 
700.0 95.0 0.7419640166515751 
650.0 95.0 0.6419505408526756 
1600.0 600.0 -0.7675806504455911 
900.0 300.0 0.2863071517097646 
800.0 150.0 0.7748801587305179 
1800.0 200.0 0.914025438004143 
1800.0 60.0 0.944872887423766 
3000.0 2600.0 -1.0 
3500.0 125.0 0.5985098202715069 
900.0 90.0 0.8968044816061658 
2500.0 600.0 -0.35786674490172876 
1200.0 300.0 0.7200979480267526 
2500.0 95.0 0.8927438173803484 
900.0 95.0 0.8943427554249574 
1400.0 800.0 -0.9994131339955925 
800.0 90.0 0.8509336088591892 
3500.0 90.0 0.6161777961481445 
4000.0 300.0 0.028714062008629027 
650.0 80.0 0.6717815913778034 
