900.0 600.0 -0.9970923047718063 
4000.0 3500.0 -1.0 
2500.0 90.0 0.8998901489162812 
4000.0 2600.0 -0.9999999999999967 
3000.0 150.0 0.8303198394753628 
3500.0 400.0 0.4432642570268579 
2000.0 1200.0 -0.9999901424427504 
600.0 100.0 0.2724859359592806 
3000.0 1000.0 -0.9824293830026869 
3000.0 70.0 0.8537402131980105 
2000.0 1000.0 -0.998964698536608 
700.0 95.0 0.6151401118782895 
600.0 125.0 0.14363652229599388 
2000.0 125.0 0.9173721510592767 
1000.0 600.0 -0.9902623093494782 
550.0 300.0 -0.9494920698496799 
400.0 125.0 -0.907242285557518 
3000.0 60.0 0.8556740153940334 
3000.0 125.0 0.8393070184868552 
400.0 60.0 -0.7808406014268403 
4000.0 600.0 -0.29918183962397427 
2000.0 1600.0 -0.9999999999215367 
1600.0 1000.0 -0.9999270530454295 
4000.0 500.0 -0.006538075166449775 
1600.0 125.0 0.9211449537504302 
1400.0 300.0 0.7350410004864447 
1400.0 200.0 0.873959142697228 
500.0 125.0 -0.463535029299076 
1000.0 500.0 -0.895155630809167 
1400.0 100.0 0.9229750768221971 
1400.0 600.0 -0.836264178222619 
650.0 300.0 -0.7760776771782315 
1400.0 70.0 0.9300926504039713 
2000.0 600.0 -0.33212709872855606 
3000.0 1800.0 -0.999999997182704 
300.0 60.0 -0.9895966533866939 
1800.0 90.0 0.9290141950572992 
1000.0 70.0 0.8884572814594696 
4000.0 300.0 0.4171565911111519 
3500.0 150.0 0.7327128994718646 
1000.0 400.0 -0.4119781318806788 
600.0 60.0 0.4230107526308291 
1200.0 200.0 0.8373088701009224 
1600.0 500.0 -0.05500459854553841 
650.0 100.0 0.46796989753120877 
1800.0 125.0 0.9213107016028546 
800.0 150.0 0.6488475963626679 
2500.0 125.0 0.891960195122159 
1200.0 500.0 -0.6516347411180026 
4000.0 90.0 0.6038528173921793 
1800.0 80.0 0.9307666040511 
4000.0 125.0 0.5863414208719455 
1000.0 200.0 0.7434626738555923 
1200.0 95.0 0.9107603392113874 
1800.0 200.0 0.8933328880216715 
3500.0 70.0 0.7638589411675749 
1200.0 600.0 -0.9455893005642867 
1800.0 1600.0 -0.9999999999959654 
1400.0 1000.0 -0.9999903547040837 
3500.0 600.0 -0.15295511292294262 
900.0 400.0 -0.6620712411487512 
300.0 70.0 -0.9910691843944119 
900.0 100.0 0.8313200128580145 
2500.0 1600.0 -0.9999999867036923 
1800.0 600.0 -0.48973072809863283 
1800.0 500.0 0.13482608236645355 
3500.0 1600.0 -0.9999975285351117 
500.0 100.0 -0.32659346432204006 
4000.0 2000.0 -0.999999994669754 
900.0 500.0 -0.9577924829361537 
800.0 500.0 -0.987294344368042 
2500.0 1000.0 -0.9934114236573565 
1400.0 1200.0 -0.9999999875138086 
550.0 400.0 -0.9972548103704706 
4000.0 1600.0 -0.9999904426226396 
1800.0 1000.0 -0.9996707465661407 
1400.0 800.0 -0.9976621953089876 
650.0 400.0 -0.9791919686543219 
600.0 400.0 -0.9917073461402891 
4000.0 3000.0 -1.0 
3000.0 1400.0 -0.9999791746726663 
1000.0 800.0 -0.9999773211440821 
3500.0 2000.0 -0.9999999995273253 
800.0 400.0 -0.852072033943212 
2000.0 800.0 -0.952754715466017 
1200.0 1000.0 -0.9999994119386916 
3500.0 500.0 0.18824812164313376 
4000.0 800.0 -0.7879358762621003 
500.0 80.0 -0.22322649654445414 
3500.0 3000.0 -1.0 
3500.0 800.0 -0.7696173807104438 
3000.0 2000.0 -0.999999999985431 
3500.0 2600.0 -1.0 
400.0 100.0 -0.8637268804956235 
3000.0 500.0 0.31770776190119077 
300.0 150.0 -0.9983840037584009 
3000.0 800.0 -0.7938665777659193 
800.0 600.0 -0.999383669736868 
1800.0 800.0 -0.9766929935762404 
300.0 125.0 -0.9969731991141816 
1600.0 800.0 -0.991129282338737 
1600.0 1400.0 -0.9999999997660118 
2500.0 600.0 -0.10663881860917868 
1200.0 800.0 -0.9996436750737683 
400.0 200.0 -0.9806175663942966 
2000.0 1800.0 -0.9999999999999344 
2500.0 1800.0 -0.9999999999541157 
800.0 300.0 -0.250097783159546 
300.0 95.0 -0.9942534358789582 
3500.0 1000.0 -0.9714498592324897 
1600.0 1200.0 -0.9999997831690234 
650.0 500.0 -0.9990610092948643 
2500.0 2000.0 -0.9999999999999172 
3000.0 1600.0 -0.999999682638263 
550.0 70.0 0.1478679972676833 
2000.0 400.0 0.6387391681740273 
2500.0 1400.0 -0.9999979854376344 
3000.0 2600.0 -1.0 
400.0 80.0 -0.8234829976833957 
3000.0 600.0 -0.07236186220262808 
4000.0 400.0 0.23963462713463235 
700.0 400.0 -0.9550170982847692 
300.0 90.0 -0.9936809394859559 
1400.0 500.0 -0.3304563431879035 
4000.0 1000.0 -0.9658696575370723 
400.0 90.0 -0.8440683090955519 
3500.0 1800.0 -0.9999999569140199 
4000.0 1400.0 -0.9997796697926565 
3500.0 100.0 0.7543936911439659 
4000.0 60.0 0.6154038580660588 
2000.0 1400.0 -0.999999958291031 
600.0 300.0 -0.8842414872218616 
2500.0 1200.0 -0.9998404194620678 
1600.0 600.0 -0.6703229858668468 
300.0 80.0 -0.9924365682487807 
500.0 60.0 -0.13056668000624183 
2500.0 70.0 0.9034078843380402 
400.0 95.0 -0.854031223307796 
2500.0 500.0 0.3581654641435219 
4000.0 1800.0 -0.9999997235929373 
2500.0 800.0 -0.8664446261560269 
3500.0 1400.0 -0.9999107928077449 
550.0 90.0 0.05478370585683834 
3000.0 1200.0 -0.9992042365078427 
300.0 100.0 -0.9947917750114504 
700.0 300.0 -0.6247699625202345 
3500.0 60.0 0.7664804948511954 
550.0 125.0 -0.14441209041404168 
2500.0 400.0 0.6482607512763672 
2500.0 80.0 0.9017341090614626 
1800.0 1200.0 -0.999998131612679 
4000.0 1200.0 -0.9966181491460862 
500.0 300.0 -0.9820514382608214 
3500.0 1200.0 -0.9979756433261362 
400.0 150.0 -0.9410634158245628 
550.0 95.0 0.02899329032268616 
1800.0 300.0 0.8091062900753467 
550.0 200.0 -0.6213799996273948 
500.0 95.0 -0.29998004251611876 
4000.0 95.0 0.6016245319026186 
500.0 200.0 -0.8152763393540371 
2000.0 500.0 0.25264666795060764 
400.0 70.0 -0.8022872870497858 
3000.0 200.0 0.8066928921509047 
1800.0 1400.0 -0.9999999956927663 
700.0 150.0 0.42132108805677415 
3000.0 90.0 0.849265919928005 
3500.0 300.0 0.6064041857699534 
2000.0 150.0 0.9104816428193874 
1200.0 400.0 0.06130858998118183 
2500.0 150.0 0.8846893184954661 
800.0 80.0 0.7833812195033882 
500.0 150.0 -0.5979783885601846 
550.0 150.0 -0.3060925238857777 
4000.0 150.0 0.5709668165660435 
1400.0 400.0 0.3576277973445843 
1600.0 300.0 0.7863671855693481 
1800.0 400.0 0.5980426068204239 
3000.0 400.0 0.579154273345315 
500.0 70.0 -0.17532512963669356 
3000.0 300.0 0.7276425341298074 
4000.0 200.0 0.5322817078292572 
500.0 90.0 -0.2738304943899955 
3000.0 95.0 0.8480150314213806 
3500.0 125.0 0.7445378632468103 
3500.0 200.0 0.7023049004445474 
700.0 80.0 0.6497661470478462 
900.0 70.0 0.8557430261113887 
4000.0 80.0 0.6080457531659293 
800.0 90.0 0.7705161433076588 
550.0 80.0 0.10337328936169543 
600.0 70.0 0.3914150664330678 
550.0 60.0 0.18822007706322275 
1400.0 150.0 0.9046588045293174 
2500.0 95.0 0.8989016317213858 
3500.0 95.0 0.7561441044287665 
600.0 200.0 -0.3693568102085846 
1400.0 90.0 0.9256145256801735 
1200.0 90.0 0.9125525073489964 
2000.0 100.0 0.9228696114134718 
1400.0 80.0 0.9279796676893992 
1800.0 95.0 0.9280686206140805 
1200.0 60.0 0.9213490808794174 
2000.0 300.0 0.8163782342871733 
1600.0 80.0 0.9317149428906222 
2000.0 70.0 0.9279401988518015 
1400.0 125.0 0.9150031882380438 
1400.0 60.0 0.9319729468173059 
900.0 150.0 0.7640801174764176 
1600.0 90.0 0.9297706162342714 
700.0 125.0 0.5241335134498704 
1200.0 70.0 0.9187618909950006 
900.0 60.0 0.8620035579382967 
4000.0 100.0 0.5993069925567471 
1600.0 100.0 0.9276106229466723 
600.0 90.0 0.31633816300829576 
700.0 60.0 0.6867495756474469 
1200.0 150.0 0.8827267495805922 
700.0 100.0 0.6021093215787521 
650.0 150.0 0.23539106288786704 
600.0 150.0 -0.011523478970272616 
650.0 200.0 -0.10609049386087344 
800.0 95.0 0.7634428960372086 
2500.0 300.0 0.7949509177908696 
700.0 200.0 0.12800527389271532 
700.0 70.0 0.6694664763589138 
550.0 100.0 0.0022406359574400625 
3500.0 80.0 0.7609760522522624 
2000.0 80.0 0.9264174406199059 
1800.0 60.0 0.9337581560041428 
1000.0 95.0 0.8748753982745865 
1400.0 95.0 0.9243305863604123 
900.0 125.0 0.8027502966772142 
650.0 70.0 0.5583169877762013 
600.0 80.0 0.35592493887782783 
1600.0 150.0 0.9128704320469152 
800.0 125.0 0.7103950022530048 
1000.0 150.0 0.8258565028386595 
1000.0 60.0 0.8928002937061696 
2000.0 200.0 0.8912731498721611 
900.0 95.0 0.8360552495687485 
1600.0 95.0 0.9287186387538755 
700.0 90.0 0.6274030991266226 
900.0 80.0 0.8486091179852255 
800.0 70.0 0.7946844799561144 
1000.0 300.0 0.3499424821201731 
1600.0 400.0 0.5158333509884352 
900.0 90.0 0.8405051231953999 
2000.0 95.0 0.9238227182388854 
650.0 60.0 0.5817648758661706 
1600.0 70.0 0.933459355460301 
1000.0 90.0 0.8779361158260399 
1600.0 60.0 0.9350177821894539 
1800.0 100.0 0.9270745723247145 
2000.0 60.0 0.9293085141273831 
800.0 60.0 0.8045833368565407 
900.0 300.0 0.09793330130428912 
2000.0 90.0 0.9247307788844816 
1600.0 200.0 0.8889135281319205 
1800.0 70.0 0.9323442397984738 
1800.0 150.0 0.9140176519379621 
2500.0 60.0 0.9049194070754769 
650.0 90.0 0.5016910164329904 
650.0 125.0 0.36575141363586794 
4000.0 70.0 0.6118936757244582 
1200.0 125.0 0.8975951493914194 
700.0 500.0 -0.9974360413910976 
3500.0 90.0 0.7578238705540101 
650.0 80.0 0.531714967799914 
1200.0 300.0 0.6208271421490414 
800.0 200.0 0.4584440999092878 
1000.0 100.0 0.8716235964130461 
900.0 200.0 0.6421321856920346 
2500.0 200.0 0.8650844915105853 
800.0 100.0 0.7559103337846658 
650.0 95.0 0.48530983671707184 
1200.0 100.0 0.9088627694878446 
600.0 95.0 0.294953942788611 
3000.0 80.0 0.8516067886430823 
2500.0 100.0 0.897867191850058 
1200.0 80.0 0.9158401996177472 
1000.0 80.0 0.8835233924112762 
1000.0 125.0 0.8520995041725039 
3000.0 100.0 0.8467089829877692 
