1800.0 1200.0 0.6283567266667933 
1800.0 800.0 0.7461314065568874 
800.0 400.0 0.46872693258915016 
2000.0 1200.0 0.6426188739695935 
3000.0 1800.0 0.46879641046247783 
4000.0 300.0 0.43333188139769413 
1200.0 400.0 0.7976877344434391 
2500.0 1600.0 0.5535425229674915 
3000.0 1200.0 0.5339041173045548 
2500.0 300.0 0.8353860611764219 
1400.0 400.0 0.8611817330238098 
2500.0 2000.0 0.5146858891948048 
1000.0 500.0 0.6059440239857801 
2000.0 1400.0 0.6005409339969798 
3000.0 1000.0 0.5649158855107898 
2500.0 200.0 0.8663300859082745 
2500.0 1000.0 0.6534620287045708 
1600.0 500.0 0.8448975083699856 
3500.0 300.0 0.5729115928303274 
3500.0 1600.0 0.39526634141698486 
4000.0 1600.0 0.3017633493639435 
3500.0 200.0 0.5943151477386538 
550.0 200.0 0.25174713245960223 
650.0 300.0 0.3348494018686679 
3000.0 800.0 0.6009332927599608 
900.0 300.0 0.6661132872461286 
2500.0 400.0 0.8054873817908895 
1400.0 600.0 0.7614917064676189 
4000.0 200.0 0.44969701774404697 
1200.0 500.0 0.7377136606453376 
2500.0 1200.0 0.6143433973119036 
2000.0 1600.0 0.5657485126133907 
1600.0 800.0 0.7229868341117291 
1800.0 200.0 0.9736573586876558 
650.0 200.0 0.42632067930712136 
2000.0 300.0 0.9176512343989234 
1600.0 300.0 0.9337618285659156 
1800.0 500.0 0.8542814263701081 
2500.0 600.0 0.7493008480733772 
1000.0 600.0 0.5411258006337853 
1400.0 500.0 0.8104133936911275 
2000.0 200.0 0.9546130748556876 
900.0 200.0 0.7533130754171364 
2500.0 500.0 0.7767585844633764 
2000.0 800.0 0.7488485850941529 
3500.0 500.0 0.5336879704224912 
1200.0 200.0 0.9230929214722482 
3000.0 500.0 0.664592578895128 
1800.0 300.0 0.9331145383966672 
1600.0 200.0 0.9792561643531419 
1800.0 600.0 0.8166336588339346 
900.0 400.0 0.5847149012735682 
1000.0 200.0 0.8300924859831648 
4000.0 1400.0 0.3137026838842667 
2500.0 1800.0 0.5314829115443499 
4000.0 500.0 0.40367629973944125 
2000.0 400.0 0.881448033308461 
600.0 200.0 0.33933829633893275 
3000.0 2000.0 0.45565670280615106 
3000.0 1400.0 0.5076999761410433 
3000.0 1600.0 0.48607421474937507 
4000.0 1200.0 0.32828784013333406 
4000.0 2000.0 0.2850950844986453 
3500.0 1400.0 0.41172028258421783 
3000.0 400.0 0.6883755779967315 
1800.0 400.0 0.8932082017597899 
1400.0 800.0 0.6709154028129511 
3500.0 400.0 0.5527064109197756 
1400.0 200.0 0.9658860413653414 
3500.0 1200.0 0.4317489239785527 
1800.0 1400.0 0.5819909945141871 
4000.0 1800.0 0.29227926112037794 
3500.0 2600.0 0.3600554312329188 
4000.0 2600.0 0.27632059462465464 
1000.0 400.0 0.6764171904827515 
4000.0 3000.0 0.2807110868168395 
1000.0 300.0 0.751602000048253 
1200.0 800.0 0.5776039056456821 
3500.0 3000.0 0.366143999022741 
2000.0 600.0 0.8123151905249307 
2000.0 500.0 0.8462616837385422 
2500.0 800.0 0.6984935711945001 
700.0 300.0 0.41262101760156483 
1800.0 1000.0 0.683130448308165 
800.0 300.0 0.5532862274911847 
800.0 200.0 0.6477170853028494 
3000.0 200.0 0.7396434328777602 
700.0 200.0 0.5081427716608551 
1400.0 300.0 0.9132272068452798 
3500.0 1000.0 0.4556029139047171 
2000.0 1000.0 0.6921029362371797 
3500.0 1800.0 0.382162560838201 
4000.0 600.0 0.3903124244960864 
3000.0 300.0 0.7134061733541882 
4000.0 3500.0 0.2981842136467396 
1400.0 1000.0 0.5918011253137446 
1600.0 1000.0 0.6524544789413708 
1600.0 400.0 0.8888198525091502 
3000.0 2600.0 0.4395552065169676 
3500.0 600.0 0.5158380711897609 
3500.0 800.0 0.4835463102127069 
4000.0 800.0 0.36632458817434616 
3500.0 2000.0 0.37221879457253043 
900.0 500.0 0.5105753672802918 
2500.0 1400.0 0.5810905977590936 
3000.0 600.0 0.6420837311737487 
1200.0 300.0 0.8598091634513355 
1600.0 1200.0 0.5916761150189824 
1200.0 600.0 0.6806836510096298 
4000.0 400.0 0.41800369367967793 
1600.0 600.0 0.8024028677949289 
4000.0 1000.0 0.34574332633514326 
