1800.0 1200.0 nan 
1400.0 125.0 nan 
2500.0 70.0 nan 
400.0 100.0 nan 
550.0 70.0 nan 
3000.0 125.0 nan 
400.0 95.0 nan 
900.0 200.0 nan 
600.0 80.0 nan 
800.0 400.0 nan 
2500.0 95.0 nan 
1400.0 400.0 nan 
2500.0 125.0 nan 
2500.0 200.0 nan 
2500.0 300.0 nan 
300.0 95.0 nan 
900.0 80.0 nan 
1000.0 600.0 nan 
900.0 90.0 nan 
1000.0 80.0 nan 
1000.0 90.0 nan 
650.0 300.0 nan 
1800.0 125.0 nan 
300.0 70.0 nan 
700.0 400.0 nan 
650.0 500.0 nan 
550.0 200.0 nan 
1800.0 300.0 nan 
600.0 150.0 nan 
2000.0 100.0 nan 
3500.0 1600.0 nan 
650.0 70.0 nan 
1600.0 200.0 nan 
700.0 150.0 nan 
2500.0 1600.0 nan 
1400.0 90.0 nan 
3000.0 800.0 nan 
550.0 60.0 nan 
1800.0 200.0 nan 
1800.0 500.0 nan 
4000.0 300.0 nan 
900.0 100.0 nan 
3500.0 125.0 nan 
400.0 70.0 nan 
4000.0 150.0 nan 
400.0 90.0 nan 
650.0 100.0 nan 
800.0 150.0 nan 
2500.0 90.0 nan 
1800.0 400.0 nan 
1800.0 150.0 nan 
300.0 80.0 nan 
1600.0 60.0 nan 
1800.0 800.0 nan 
2000.0 300.0 nan 
3500.0 70.0 nan 
2000.0 70.0 nan 
2000.0 1400.0 nan 
500.0 95.0 nan 
600.0 300.0 nan 
550.0 80.0 nan 
2500.0 600.0 nan 
1400.0 500.0 nan 
3500.0 2000.0 nan 
3000.0 400.0 nan 
1400.0 60.0 nan 
1000.0 70.0 nan 
500.0 70.0 nan 
400.0 200.0 nan 
4000.0 2000.0 nan 
2500.0 2000.0 nan 
1000.0 800.0 nan 
2000.0 200.0 nan 
1600.0 125.0 nan 
1400.0 70.0 nan 
2500.0 1200.0 nan 
1600.0 300.0 nan 
3500.0 150.0 nan 
600.0 60.0 nan 
1400.0 150.0 nan 
600.0 400.0 nan 
1800.0 60.0 nan 
1400.0 600.0 nan 
3000.0 1800.0 nan 
3000.0 1600.0 nan 
300.0 90.0 nan 
550.0 125.0 nan 
650.0 200.0 nan 
3500.0 90.0 nan 
1000.0 500.0 nan 
1200.0 60.0 nan 
4000.0 1000.0 nan 
500.0 60.0 nan 
1800.0 600.0 nan 
900.0 95.0 nan 
3500.0 400.0 nan 
800.0 70.0 nan 
1000.0 100.0 nan 
3000.0 1400.0 nan 
3500.0 1200.0 nan 
900.0 300.0 nan 
550.0 100.0 nan 
550.0 90.0 nan 
3000.0 1000.0 nan 
3000.0 60.0 nan 
650.0 125.0 nan 
2000.0 1600.0 nan 
4000.0 1600.0 nan 
3000.0 2600.0 nan 
1200.0 150.0 nan 
1600.0 80.0 nan 
1400.0 800.0 nan 
3000.0 1200.0 nan 
2500.0 150.0 nan 
1200.0 70.0 nan 
3500.0 60.0 nan 
4000.0 60.0 nan 
1600.0 90.0 nan 
1200.0 200.0 nan 
3000.0 150.0 nan 
3000.0 70.0 nan 
3500.0 300.0 nan 
1800.0 90.0 nan 
650.0 150.0 nan 
700.0 500.0 nan 
300.0 150.0 nan 
550.0 150.0 nan 
2500.0 400.0 nan 
700.0 300.0 nan 
1800.0 1400.0 nan 
600.0 100.0 nan 
800.0 200.0 nan 
4000.0 125.0 nan 
900.0 400.0 nan 
650.0 90.0 nan 
3500.0 500.0 nan 
1600.0 1200.0 nan 
2000.0 60.0 nan 
1600.0 70.0 nan 
800.0 80.0 nan 
4000.0 1200.0 nan 
3500.0 3000.0 nan 
1600.0 1400.0 nan 
400.0 150.0 nan 
4000.0 1400.0 nan 
3000.0 100.0 nan 
1400.0 1000.0 nan 
1000.0 95.0 nan 
4000.0 200.0 nan 
3500.0 800.0 nan 
1200.0 95.0 nan 
3500.0 95.0 nan 
1200.0 125.0 nan 
800.0 600.0 nan 
2500.0 1000.0 nan 
1800.0 1600.0 nan 
1800.0 95.0 nan 
2000.0 1200.0 nan 
1200.0 300.0 nan 
500.0 300.0 nan 
3000.0 80.0 nan 
2000.0 500.0 nan 
1600.0 95.0 nan 
2500.0 500.0 nan 
4000.0 90.0 nan 
3000.0 95.0 nan 
1200.0 80.0 nan 
4000.0 800.0 nan 
2500.0 60.0 nan 
2000.0 800.0 nan 
700.0 100.0 nan 
700.0 95.0 nan 
600.0 200.0 nan 
3500.0 1000.0 nan 
400.0 80.0 nan 
2000.0 150.0 nan 
2000.0 90.0 nan 
3000.0 500.0 nan 
2000.0 80.0 nan 
700.0 90.0 nan 
4000.0 3000.0 nan 
500.0 150.0 nan 
500.0 90.0 nan 
650.0 400.0 nan 
3000.0 600.0 nan 
800.0 60.0 nan 
1600.0 500.0 nan 
1600.0 400.0 nan 
2500.0 1800.0 nan 
1800.0 70.0 nan 
3500.0 80.0 nan 
4000.0 80.0 nan 
700.0 200.0 nan 
1200.0 1000.0 nan 
1400.0 80.0 nan 
1200.0 800.0 nan 
700.0 125.0 nan 
3000.0 90.0 nan 
1600.0 800.0 nan 
2500.0 80.0 nan 
900.0 70.0 nan 
1600.0 100.0 nan 
3500.0 200.0 nan 
2000.0 600.0 nan 
1200.0 500.0 nan 
4000.0 70.0 nan 
600.0 95.0 nan 
900.0 500.0 nan 
1600.0 1000.0 nan 
2000.0 95.0 nan 
800.0 95.0 nan 
900.0 150.0 nan 
1000.0 300.0 nan 
4000.0 600.0 nan 
650.0 80.0 nan 
550.0 300.0 nan 
1600.0 600.0 nan 
1000.0 200.0 nan 
1000.0 400.0 nan 
3500.0 600.0 nan 
2000.0 125.0 nan 
2500.0 1400.0 nan 
600.0 70.0 nan 
1200.0 90.0 nan 
1400.0 200.0 nan 
600.0 125.0 nan 
2000.0 1000.0 nan 
2000.0 1800.0 nan 
500.0 200.0 nan 
600.0 90.0 nan 
1000.0 150.0 nan 
4000.0 3500.0 nan 
4000.0 100.0 nan 
1800.0 100.0 nan 
400.0 125.0 nan 
550.0 95.0 nan 
3000.0 300.0 nan 
1800.0 1000.0 nan 
800.0 500.0 nan 
700.0 70.0 nan 
3500.0 1400.0 nan 
1600.0 150.0 nan 
4000.0 95.0 nan 
1400.0 1200.0 nan 
1200.0 600.0 nan 
500.0 125.0 nan 
1800.0 80.0 nan 
300.0 125.0 nan 
650.0 95.0 nan 
4000.0 2600.0 nan 
550.0 400.0 nan 
3000.0 2000.0 nan 
700.0 80.0 nan 
500.0 80.0 nan 
1400.0 300.0 nan 
4000.0 500.0 nan 
800.0 300.0 nan 
800.0 90.0 nan 
3500.0 1800.0 nan 
3500.0 100.0 nan 
800.0 100.0 nan 
1000.0 125.0 nan 
700.0 60.0 nan 
3500.0 2600.0 nan 
400.0 60.0 nan 
