700.0 70.0 0.9899995490302567 
550.0 95.0 0.9899994209434246 
2500.0 70.0 0.9899995490302567 
550.0 70.0 0.9899995490302567 
900.0 60.0 0.9899995919456934 
1800.0 1200.0 0.9542074421754376 
500.0 100.0 0.9899993912545682 
1800.0 800.0 0.9893326532403719 
2500.0 90.0 0.9899994491843394 
800.0 400.0 0.9899877730925415 
500.0 90.0 0.9899994491843394 
600.0 80.0 0.9899995016013667 
650.0 60.0 0.9899995919456934 
2000.0 1200.0 0.9542074421754376 
1000.0 70.0 0.9899995490302567 
3000.0 1800.0 -0.7627861851759861 
500.0 95.0 0.9899994209434246 
400.0 90.0 0.9899994491843394 
400.0 80.0 0.9899995016013667 
400.0 95.0 0.9899994209434246 
4000.0 300.0 0.9899955019546471 
1200.0 400.0 0.9899877730925415 
2500.0 1600.0 -0.0050000000000000044 
2500.0 95.0 0.9899994209434246 
900.0 95.0 0.9899994209434246 
1400.0 150.0 0.9899989963486577 
650.0 70.0 0.9899995490302567 
2000.0 150.0 0.9899989963486577 
900.0 90.0 0.9899994491843394 
1000.0 80.0 0.9899995016013667 
3000.0 1200.0 0.9542074421754376 
3000.0 125.0 0.9899992183554613 
2500.0 300.0 0.9899955019546471 
1400.0 400.0 0.9899877730925415 
2500.0 2000.0 -0.9642074421754379 
700.0 95.0 0.9899994209434246 
550.0 90.0 0.9899994491843394 
900.0 80.0 0.9899995016013667 
1000.0 500.0 0.9899667641705225 
2000.0 1400.0 0.7527861851759858 
550.0 100.0 0.9899993912545682 
1800.0 125.0 0.9899992183554613 
700.0 125.0 0.9899992183554613 
550.0 80.0 0.9899995016013667 
3000.0 1000.0 0.9850794799182969 
2500.0 200.0 0.9899983452592247 
2500.0 1000.0 0.9850794799182969 
1600.0 500.0 0.9899667641705225 
3500.0 300.0 0.9899955019546471 
1800.0 150.0 0.9899989963486577 
3500.0 1600.0 -0.0050000000000000044 
800.0 150.0 0.9899989963486577 
800.0 125.0 0.9899992183554613 
4000.0 1600.0 -0.0050000000000000044 
3500.0 200.0 0.9899983452592247 
550.0 200.0 0.9899983452592247 
4000.0 70.0 0.9899995490302567 
650.0 300.0 0.9899955019546471 
3000.0 800.0 0.9893326532403719 
3000.0 60.0 0.9899995919456934 
1000.0 90.0 0.9899994491843394 
500.0 60.0 0.9899995919456934 
1000.0 95.0 0.9899994209434246 
700.0 150.0 0.9899989963486577 
2000.0 70.0 0.9899995490302567 
900.0 300.0 0.9899955019546471 
900.0 70.0 0.9899995490302567 
2500.0 400.0 0.9899877730925415 
900.0 100.0 0.9899993912545682 
2500.0 125.0 0.9899992183554613 
1600.0 125.0 0.9899992183554613 
1400.0 600.0 0.9899096582412821 
700.0 90.0 0.9899994491843394 
1600.0 80.0 0.9899995016013667 
4000.0 200.0 0.9899983452592247 
3000.0 100.0 0.9899993912545682 
650.0 100.0 0.9899993912545682 
1200.0 500.0 0.9899667641705225 
600.0 150.0 0.9899989963486577 
1600.0 60.0 0.9899995919456934 
2500.0 1200.0 0.9542074421754376 
1600.0 90.0 0.9899994491843394 
1600.0 95.0 0.9899994209434246 
2000.0 1600.0 -0.0050000000000000044 
1400.0 60.0 0.9899995919456934 
2000.0 90.0 0.9899994491843394 
1200.0 125.0 0.9899992183554613 
2000.0 95.0 0.9899994209434246 
2500.0 150.0 0.9899989963486577 
1600.0 800.0 0.9893326532403719 
1800.0 200.0 0.9899983452592247 
650.0 200.0 0.9899983452592247 
2000.0 300.0 0.9899955019546471 
1600.0 300.0 0.9899955019546471 
1800.0 500.0 0.9899667641705225 
2500.0 600.0 0.9899096582412821 
600.0 60.0 0.9899995919456934 
4000.0 150.0 0.9899989963486577 
1600.0 70.0 0.9899995490302567 
1000.0 600.0 0.9899096582412821 
1400.0 500.0 0.9899667641705225 
3500.0 70.0 0.9899995490302567 
2000.0 200.0 0.9899983452592247 
2000.0 80.0 0.9899995016013667 
900.0 200.0 0.9899983452592247 
500.0 150.0 0.9899989963486577 
3500.0 60.0 0.9899995919456934 
3500.0 150.0 0.9899989963486577 
650.0 125.0 0.9899992183554613 
1200.0 150.0 0.9899989963486577 
2500.0 500.0 0.9899667641705225 
2000.0 100.0 0.9899993912545682 
1400.0 125.0 0.9899992183554613 
1400.0 70.0 0.9899995490302567 
500.0 70.0 0.9899995490302567 
2000.0 800.0 0.9893326532403719 
600.0 100.0 0.9899993912545682 
1400.0 90.0 0.9899994491843394 
3500.0 500.0 0.9899667641705225 
1200.0 60.0 0.9899995919456934 
1200.0 200.0 0.9899983452592247 
3000.0 500.0 0.9899667641705225 
550.0 60.0 0.9899995919456934 
1800.0 300.0 0.9899955019546471 
1600.0 200.0 0.9899983452592247 
1200.0 80.0 0.9899995016013667 
1400.0 95.0 0.9899994209434246 
1800.0 600.0 0.9899096582412821 
3500.0 125.0 0.9899992183554613 
900.0 400.0 0.9899877730925415 
1000.0 200.0 0.9899983452592247 
4000.0 1400.0 0.7527861851759858 
2500.0 1800.0 -0.7627861851759861 
1600.0 100.0 0.9899993912545682 
4000.0 500.0 0.9899667641705225 
2000.0 60.0 0.9899995919456934 
2000.0 400.0 0.9899877730925415 
1800.0 90.0 0.9899994491843394 
600.0 200.0 0.9899983452592247 
1200.0 90.0 0.9899994491843394 
800.0 90.0 0.9899994491843394 
4000.0 60.0 0.9899995919456934 
3000.0 2000.0 -0.9642074421754379 
4000.0 125.0 0.9899992183554613 
3000.0 1400.0 0.7527861851759858 
3000.0 1600.0 -0.0050000000000000044 
4000.0 1200.0 0.9542074421754376 
800.0 100.0 0.9899993912545682 
4000.0 2000.0 -0.9642074421754379 
3500.0 1400.0 0.7527861851759858 
3000.0 400.0 0.9899877730925415 
1800.0 95.0 0.9899994209434246 
1800.0 70.0 0.9899995490302567 
1800.0 400.0 0.9899877730925415 
1400.0 800.0 0.9893326532403719 
1800.0 60.0 0.9899995919456934 
800.0 70.0 0.9899995490302567 
800.0 95.0 0.9899994209434246 
400.0 60.0 0.9899995919456934 
900.0 150.0 0.9899989963486577 
3500.0 400.0 0.9899877730925415 
1400.0 200.0 0.9899983452592247 
700.0 100.0 0.9899993912545682 
3500.0 100.0 0.9899993912545682 
3500.0 1200.0 0.9542074421754376 
1000.0 100.0 0.9899993912545682 
1800.0 1400.0 0.7527861851759858 
2500.0 80.0 0.9899995016013667 
1800.0 80.0 0.9899995016013667 
600.0 125.0 0.9899992183554613 
4000.0 1800.0 -0.7627861851759861 
1000.0 125.0 0.9899992183554613 
1000.0 150.0 0.9899989963486577 
650.0 150.0 0.9899989963486577 
3500.0 2600.0 -0.9999096582412822 
2500.0 60.0 0.9899995919456934 
4000.0 2600.0 -0.9999096582412822 
1000.0 60.0 0.9899995919456934 
1400.0 80.0 0.9899995016013667 
1000.0 400.0 0.9899877730925415 
3000.0 95.0 0.9899994209434246 
3500.0 80.0 0.9899995016013667 
500.0 125.0 0.9899992183554613 
4000.0 3000.0 -0.9999983452592249 
1000.0 300.0 0.9899955019546471 
550.0 125.0 0.9899992183554613 
1200.0 800.0 0.9893326532403719 
3500.0 3000.0 -0.9999983452592249 
1200.0 70.0 0.9899995490302567 
700.0 80.0 0.9899995016013667 
600.0 95.0 0.9899994209434246 
650.0 90.0 0.9899994491843394 
2000.0 600.0 0.9899096582412821 
2000.0 500.0 0.9899667641705225 
600.0 70.0 0.9899995490302567 
2500.0 800.0 0.9893326532403719 
500.0 80.0 0.9899995016013667 
700.0 300.0 0.9899955019546471 
1800.0 1000.0 0.9850794799182969 
800.0 300.0 0.9899955019546471 
800.0 200.0 0.9899983452592247 
3000.0 200.0 0.9899983452592247 
700.0 200.0 0.9899983452592247 
900.0 125.0 0.9899992183554613 
1400.0 300.0 0.9899955019546471 
3500.0 1000.0 0.9850794799182969 
400.0 70.0 0.9899995490302567 
2000.0 1000.0 0.9850794799182969 
4000.0 95.0 0.9899994209434246 
2000.0 125.0 0.9899992183554613 
550.0 150.0 0.9899989963486577 
3000.0 90.0 0.9899994491843394 
650.0 95.0 0.9899994209434246 
3500.0 1800.0 -0.7627861851759861 
4000.0 80.0 0.9899995016013667 
2500.0 100.0 0.9899993912545682 
4000.0 600.0 0.9899096582412821 
600.0 90.0 0.9899994491843394 
3000.0 300.0 0.9899955019546471 
1800.0 100.0 0.9899993912545682 
700.0 60.0 0.9899995919456934 
4000.0 3500.0 -0.9999999888504352 
3500.0 90.0 0.9899994491843394 
1200.0 100.0 0.9899993912545682 
3000.0 150.0 0.9899989963486577 
1400.0 100.0 0.9899993912545682 
3500.0 95.0 0.9899994209434246 
1200.0 95.0 0.9899994209434246 
800.0 60.0 0.9899995919456934 
1400.0 1000.0 0.9850794799182969 
1600.0 1000.0 0.9850794799182969 
1600.0 400.0 0.9899877730925415 
3000.0 2600.0 -0.9999096582412822 
4000.0 90.0 0.9899994491843394 
3500.0 600.0 0.9899096582412821 
3500.0 800.0 0.9893326532403719 
4000.0 800.0 0.9893326532403719 
3500.0 2000.0 -0.9642074421754379 
3000.0 80.0 0.9899995016013667 
900.0 500.0 0.9899667641705225 
800.0 80.0 0.9899995016013667 
650.0 80.0 0.9899995016013667 
3000.0 70.0 0.9899995490302567 
2500.0 1400.0 0.7527861851759858 
3000.0 600.0 0.9899096582412821 
4000.0 100.0 0.9899993912545682 
1200.0 300.0 0.9899955019546471 
1600.0 1200.0 0.9542074421754376 
1200.0 600.0 0.9899096582412821 
4000.0 400.0 0.9899877730925415 
1600.0 600.0 0.9899096582412821 
4000.0 1000.0 0.9850794799182969 
1600.0 150.0 0.9899989963486577 
