700 95 0.7399782734012945
800 90 0.9672886685135752
800 300 0.9222297987624074
650 60 0.7399876007499425
2500 125 0.9467849045363033
2000 200 0.9524731252989175
1200 400 0.9461914261348893
1200 500 0.5248751550393408
650 150 0.7399876007499425
3000 500 0.9699490417821938
700 90 0.7399782734012945
900 60 0.966653961589253
800 100 0.9672886685135752
500 90 0.7399998348109135
900 300 0.9213963258075768
3500 125 0.8534928190073746
1000 150 0.9659256127226418
500 95 0.7399998348109135
1400 300 0.9658730761271789
550 95 0.73999983467819
500 70 0.7399998348109135
550 60 0.73999983467819
900 90 0.9666539300168632
2000 80 0.9521034151514313
2500 60 0.9470980912022489
1400 200 0.966794624503538
3000 60 0.9384484651272833
600 150 0.7399950357257279
3500 95 0.8536896347444325
2500 95 0.9469229235117945
550 90 0.73999983467819
1800 500 0.9371183747429298
2000 300 0.9730150171862413
1600 400 0.9725717547712533
3000 200 0.9473358148710548
500 100 0.7399998348109135
2500 90 0.9469397655432671
3000 150 0.9443983244252147
4000 300 0.8952475173661254
600 125 0.7399950357257279
900 100 0.9666539300168632
900 150 0.9666539300168632
800 95 0.9672886685135752
3500 60 0.854205869323404
1400 80 0.966830075859721
2000 125 0.9524966467798648
650 100 0.7399876007499425
3500 90 0.8537519545987248
550 300 0.73999983467819
2000 400 0.973813667785463
2000 100 0.9530578539489837
900 95 0.9666539300168632
800 150 0.9672886685135752
4000 70 0.8003888781744596
700 80 0.7399782734012945
4000 80 0.8003028833861576
1000 200 0.9659256127226418
800 200 0.9672886685135752
1400 70 0.9668395892421827
3500 100 0.8536586517092113
3000 600 0.8524103926454214
400 90 0.74
700 100 0.7399782734012945
1200 80 0.9653469928191535
3000 90 0.9429120683437899
1600 500 0.9372009972343887
1800 600 0.5674823413776791
3000 95 0.9428819258258566
1800 70 0.9546003491399914
700 60 0.7399782734012945
1200 60 0.9653552954700202
800 60 0.9672886685135752
3000 400 0.9689986091591504
2000 500 0.9159825267953745
3500 800 0.8424538842384651
2000 150 0.952484749128533
1600 125 0.980102091055138
1400 100 0.9668109380907995
2500 200 0.9533036138809923
3000 100 0.9428672243568732
650 90 0.7399876007499425
1800 95 0.9564504680787366
2500 80 0.9470029322858246
3500 150 0.8533759344062962
3500 70 0.8540370029599225
700 300 0.7399878114333892
1400 500 0.9373458039967032
1000 400 0.7749721276045137
700 200 0.7399782734012945
550 70 0.73999983467819
550 100 0.73999983467819
3000 70 0.9380542295249102
1800 90 0.9565555077162837
2500 70 0.9470068306583699
550 150 0.73999983467819
650 300 0.7399887303858498
700 70 0.7399782734012945
700 125 0.7399782734012945
600 80 0.7399950357257279
3500 400 0.8951338277980327
400 60 0.74
550 200 0.73999983467819
650 95 0.7399876007499425
1200 125 0.9653420599752858
1800 200 0.955481181007852
650 200 0.7399876007499425
1000 300 0.9604412277700393
1000 100 0.9659256127226418
1400 150 0.9667974137131571
3000 80 0.9430532102402878
1600 60 0.9801841818761083
800 80 0.9672886685135752
2500 300 0.9660873720813319
3000 300 0.9496079823256515
1800 300 0.9652863241683873
3500 300 0.8522526652513008
2000 70 0.9521244553532775
3500 200 0.8633239499792288
2000 95 0.9531948598204473
1800 150 0.9556584305363516
550 80 0.73999983467819
4000 600 0.8523829103787018
1000 70 0.9659260300039407
4000 125 0.659913714135828
3500 500 0.896703646976121
900 70 0.966653961589253
1400 95 0.9668142923411464
500 150 0.7399998348109135
900 80 0.966653961589253
500 125 0.7399998348109135
4000 95 0.8000259098763179
4000 100 0.6599926986042166
900 125 0.9666539300168632
600 100 0.7399950357257279
2000 600 0.9173450020961391
1600 70 0.9801609354277101
800 70 0.9672886685135752
1200 150 0.9653399092448587
3000 125 0.9426976463449328
1400 90 0.966818092846205
4000 400 0.8953343618586461
600 70 0.7399950357257279
800 400 0.749999874530492
4000 90 0.8000859168855571
600 60 0.7399950357257279
500 200 0.7399998348109135
400 70 0.74
4000 200 0.8174502956251002
1800 80 0.9545737290745456
650 125 0.7399876007499425
900 200 0.9666539300168632
1000 95 0.9659256127226418
4000 500 0.8967354765205553
900 400 0.7499859652329509
1200 100 0.9653427336965267
1200 90 0.9653449351056834
1600 90 0.9801295846257196
1200 95 0.9653437451774852
1600 95 0.9801242062057821
1800 400 0.9735940814704511
1800 60 0.9546340063441108
4000 800 0.8424327683064985
1400 125 0.9668025760659236
2500 400 0.9696362548889265
600 90 0.7399950357257279
2500 150 0.9474626878373047
1600 200 0.9800880659333926
1200 200 0.9653399013955526
3500 80 0.8539512714163886
600 95 0.7399950357257279
1200 70 0.965349147788812
2500 600 0.9172974435894518
1000 125 0.9659256127226418
1400 400 0.9460192360000735
1600 300 0.9667080867882835
2500 500 0.9697419006436168
650 80 0.7399876007499425
1600 600 0.5674921101511001
650 70 0.7399876007499425
550 125 0.73999983467819
1200 300 0.9623015219047367
3000 800 0.8424882776393078
1000 90 0.9659256472020943
1600 100 0.9801191950634754
2000 90 0.9533103719887068
2500 100 0.9469072069224874
600 300 0.7399950357257279
600 200 0.7399950357257279
1600 150 0.9800935913211527
1800 125 0.9558498703959185
3500 600 0.8523945464945918
