200 100 0.4946939467665543
200 90 0.4946939467665543
200 110 0.4946939467665543
200 133 0.4946939467665543
200 60 0.4946939467665543
200 70 0.4946939467665543
200 80 0.4946939467665543
200 121 0.4946939467665543
200 146 0.4946939467665543
200 176 0.4946939467665543
250 60 0.49467745193784457
200 160 0.4946939467665543
250 50 0.49467745193784457
250 40 0.49467745193784457
200 193 0.4946939467665543
250 146 0.49467745193784457
300 176 0.49465949373631624
300 146 0.49465949373631624
350 40 0.4946688904422
300 193 0.49465949373631624
350 50 0.49466212932651865
300 212 0.49465949373631624
350 160 0.494639942335825
300 60 0.49465949373631624
550 50 0.36939913401443963
450 60 0.49465014096209253
450 80 0.49459548202258
300 121 0.49465949373631624
450 90 0.49459548202258
250 160 0.49467745193784457
350 176 0.494639942335825
300 160 0.49465949373631624
350 339 0.8588999464278154
300 50 0.49465949373631624
350 281 0.748155301132116
450 160 0.49459548202258
500 110 0.4945702516906118
450 100 0.49459548202258
800 80 0.39400787183618663
550 309 0.8589895422125634
550 60 0.3324265346208517
500 50 0.5030910703167714
550 40 0.3573415709945287
300 281 0.18723977726921603
350 60 0.494639942335825
500 493 0.5703094513116341
450 409 0.6873400640808396
350 233 0.49402717439837895
450 146 0.49459548202258
450 110 0.49459548202258
400 50 0.49464983658020106
350 256 0.5025544307849309
400 281 0.7554494963153866
450 212 0.4943523641406888
400 339 0.8588389763227935
550 121 0.4945427829975996
500 40 0.5035240833572279
300 256 0.49446994639584924
650 596 0.4195318915647967
400 70 0.49461865639243235
500 90 0.4945924860595425
600 309 0.8591837452625007
600 40 0.5028226724401159
550 176 0.5031317233577788
400 233 0.4948719890578172
650 110 0.4945351701503186
550 100 0.49456503604074736
550 409 0.6850227797642269
400 121 0.49461865639243235
500 233 0.18741454068908783
400 176 0.49461865639243235
600 409 0.6499682508788781
600 339 0.688690897231067
700 100 0.5030422140166088
300 80 0.49465949373631624
350 80 0.494639942335825
450 50 0.3718819800130734
250 100 0.49467745193784457
600 542 0.41808024487320344
650 90 0.37195681105612843
300 70 0.49465949373631624
550 281 0.858875463558791
500 160 0.4945702516906118
400 309 0.8585483677411292
500 339 0.8586652959484279
250 121 0.49467745193784457
700 281 0.8591154896153579
750 233 0.8587068596394429
350 146 0.494639942335825
600 193 0.4939055803215148
450 193 0.676330261265574
350 133 0.494639942335825
300 100 0.49465949373631624
700 309 0.7484881066643169
650 409 0.5424986702111692
650 60 0.35744337895988
700 256 0.8586960509871165
400 256 0.18723547294422296
600 449 0.5424749401075762
250 193 0.49467745193784457
500 256 0.7554458687397768
650 339 0.6892134981174763
550 339 0.7492354942595095
650 233 0.8586658031141718
450 133 0.49459548202258
600 90 0.5025290464608344
450 233 0.5027651397562845
300 110 0.49465949373631624
400 146 0.49461865639243235
550 70 0.3718777432044166
600 212 0.3721201611219239
650 70 0.3571504966178556
600 80 0.5027307503316525
650 309 0.7486170505708817
350 100 0.494639942335825
550 90 0.49457181728555777
600 50 0.3574502602363387
500 121 0.4945702516906118
650 80 0.3324700295187802
400 90 0.49461865639243235
550 133 0.4945427829975996
750 655 0.4361336874200752
800 70 0.5131065248200115
650 100 0.3718524890185185
750 100 0.3683041246181645
450 121 0.49459548202258
550 193 0.5025759382181034
700 146 0.49250277445542745
600 372 0.6856348004313771
600 146 0.5047883620658513
750 542 0.38307175451377834
250 176 0.49467745193784457
350 193 0.494639942335825
750 409 0.5692012580049715
700 90 0.5034768785848914
500 146 0.4945702516906118
450 281 0.858543614168667
800 40 0.7102237902535068
450 449 0.5421266527103199
700 60 0.5031281771289791
250 70 0.49467745193784457
700 596 0.41937664257363433
450 40 0.3719859343161026
600 176 0.49401995955221717
800 90 0.5025802548604369
500 60 0.5025702438600136
650 133 0.5047773825224453
400 372 0.7488369723056794
650 193 0.3724314154199547
500 176 0.5045652011913392
600 121 0.4945128773627172
300 233 0.49338259265231504
650 449 0.6059657403375406
500 212 0.50256630505978
550 256 0.8585409283883718
400 193 0.5040346592893085
700 40 0.5127656131067378
550 542 0.6197584440288552
300 90 0.49465949373631624
700 133 0.4932422476699995
550 372 0.6871578790700742
450 372 0.689145985612038
750 256 0.859029060089057
500 193 0.25228494604764407
750 121 0.49256752935429116
500 70 0.49480440311975155
750 309 0.6887394015856835
250 80 0.49467745193784457
250 110 0.49467745193784457
250 212 0.49467745193784457
600 70 0.5032865793510886
500 133 0.4945702516906118
250 90 0.49467745193784457
700 409 0.5424960266143747
750 176 0.3724556859267367
600 100 0.4945441585469392
550 110 0.4945427829975996
350 212 0.5049456562870183
900 596 0.4176195138902001
900 110 0.7487948438499084
950 80 0.8702867387949836
950 193 0.85912913134012
950 121 0.7497128134037488
900 146 0.7554212725611146
900 372 0.6476570590067307
900 70 0.574119392499282
900 160 0.858373691326065
900 60 0.7123724285126247
900 90 0.54850379013963
950 90 0.7113905661833979
950 146 0.7553721148854119
900 133 0.18717830600299185
900 409 0.5891813225050494
950 281 0.6872242875654294
950 133 0.7602380920105977
900 655 0.45624477191817125
950 110 0.7475079257198247
950 256 0.6890036369927345
900 493 0.3455735605540633
950 372 0.570668845430413
950 542 0.43108500797361277
750 60 0.5746420053047275
450 176 0.5027498564768533
800 133 0.5026007670015973
500 449 0.5424019900291014
600 133 0.4945128773627172
500 409 0.6495044919553903
650 493 0.5716409363611348
250 133 0.49467745193784457
400 80 0.49461865639243235
750 40 0.49314924776050806
600 256 0.8584028819164798
850 121 0.7104646854694432
900 50 0.7889086226282049
850 720 0.4573560825659295
850 655 0.4554905578265478
850 792 0.4862355617384806
900 256 0.7476450139250664
900 281 0.6872670055853269
850 372 0.5424846805956897
900 309 0.6494288721195879
900 449 0.6193189619663302
850 542 0.4195954476135023
900 339 0.6477306328476858
850 160 0.3719501375244329
850 60 0.5133839061624427
850 50 0.7111048542535853
850 176 0.8583384436220213
850 90 0.7100325363998039
850 233 0.8590685637300653
850 309 0.6871822856715112
850 212 0.8588619447555461
850 70 0.5145305035647334
850 409 0.5713071722963416
850 281 0.6890409836772612
800 542 0.41767441238320197
900 121 0.7573418717017585
800 655 0.43186577281168004
850 256 0.7496284047178718
850 493 0.3468705390618424
850 596 0.4182776454161022
900 100 0.7100186800281977
900 176 0.8588517481588768
900 193 0.8588994843739954
900 40 0.7560669562431629
900 80 0.5048616003839191
850 449 0.5641620162102905
850 339 0.6499235747925398
1000 70 0.7663147655791885
900 792 0.4373074995138935
1000 100 0.7103905768741706
1000 121 0.5671493465907241
950 309 0.6570600998836126
950 212 0.8591207883112417
950 596 0.43143835899674443
950 60 0.7567008187549156
700 70 0.36936250739977283
1000 542 0.41800829705606585
950 100 0.5484430352764897
900 233 0.859175121896018
950 655 0.48747870000044397
950 339 0.5423160853253916
950 871 0.5598122591754424
1000 176 0.8589003576504552
950 70 0.711566411325914
1000 449 0.2962587525278228
1000 720 0.43546658837131963
1000 60 0.7478554401173209
1000 50 0.6752348349985995
1000 40 0.6572272947522123
950 409 0.5712523611730094
1000 90 0.49453463027514794
800 193 0.8585318302219664
800 212 0.8586656464190447
750 493 0.6476975919420528
800 233 0.8588214109765844
800 281 0.7476627565738097
800 256 0.8591134117410173
700 50 0.5745101683808103
800 309 0.687055349170932
800 409 0.5707286677909272
750 372 0.6566377537618602
800 449 0.5649888847945059
800 372 0.5418002135464481
850 110 0.7104137156822401
850 100 0.512626148120609
800 596 0.41800035523659756
800 493 0.29721925311484604
800 339 0.6495928372835841
850 40 0.79543730373837
850 146 0.3705835770572175
850 80 0.5034054306066233
850 193 0.8584018027809978
800 720 0.4963081930320082
800 792 0.49661506730581606
550 160 0.504425017544427
250 233 0.5048438602744387
600 60 0.35711738703989065
800 110 0.49470342472858925
700 493 0.6180810109086098
700 655 0.41835226097299855
650 176 0.5032334117480073
750 90 0.3573122361424542
750 449 0.5715451371104785
450 309 0.8587265608946507
750 212 0.8589409910450723
700 80 0.35714268524040144
550 212 0.37213551436740183
600 160 0.4939646104201
750 281 0.749639453763475
800 176 0.37242982739450686
700 193 0.7481086101402834
750 596 0.4181379432221396
750 160 0.37078943205923637
600 233 0.755441568956808
550 493 0.6066996128110707
700 233 0.8584772804554646
400 110 0.49461865639243235
700 121 0.5048608929203477
450 256 0.7481461011807251
650 40 0.5736025613320371
650 256 0.858873410573669
600 281 0.8586986353107069
800 121 0.3719775290065001
800 100 0.503369400416517
700 110 0.5025194063456963
300 40 0.4946816674352562
500 309 0.8589337245731671
500 372 0.6898803506483604
400 60 0.494640857854085
750 110 0.5029700312752358
750 146 0.3719208275682023
650 146 0.3724693933432765
650 212 0.7488248134496972
650 121 0.49450261409635743
400 133 0.49461865639243235
700 372 0.6495188740080222
750 80 0.5025439185361245
400 100 0.49461865639243235
800 146 0.18742010850430785
700 212 0.8582607262028865
650 542 0.34703764379746344
350 121 0.494639942335825
700 160 0.5025342255518109
450 70 0.4946176992390128
750 50 0.5141844838351378
800 160 0.3707977875858383
750 70 0.39392046085776417
500 100 0.4945702516906118
750 193 0.755346625673396
550 146 0.4945427829975996
750 133 0.37161711383581736
550 80 0.37179963895163587
650 160 0.49333076891282607
650 281 0.8590311527819037
750 339 0.6856635200482858
500 80 0.4945924860595425
600 596 0.4186346867666418
300 133 0.49465949373631624
700 176 0.18700012081441095
600 110 0.494535150736804
350 70 0.494639942335825
800 50 0.7120521774217755
700 449 0.5708145049498378
500 281 0.8584055577238061
700 339 0.6880645231310047
350 90 0.494639942335825
400 212 0.49431243369547384
750 720 0.5240620601530344
350 309 0.8588194623091262
600 493 0.5706057394533506
400 40 0.5025719936590446
550 449 0.5424082526709678
1000 792 0.43676385394484496
1000 133 0.6834797537448525
400 160 0.49461865639243235
1050 110 0.7601066660662886
950 233 0.7485103089252866
900 542 0.4192451193866979
1000 655 0.4969463030303216
900 212 0.8586597819935452
900 871 0.5625654415007433
1100 40 0.6749625549977681
950 792 0.43742777564912716
1050 176 0.5106999272975329
1000 596 0.43131684795121417
900 720 0.4374165704441572
1000 193 0.8592410774043945
1050 233 0.6884163417180522
1000 146 0.756397317716265
1000 339 0.570557489901054
1050 133 0.5494327758329253
1000 110 0.5476750644916194
1000 212 0.8585841369146512
1050 40 0.6572111576865287
950 40 0.7555623338305045
1050 70 0.7113252802605445
1050 146 0.6837687020529282
1000 372 0.5719009579178027
950 176 0.858888588419975
700 542 0.3457278030207711
1000 80 0.6768924004861846
1050 792 0.43637879575487204
950 720 0.4367466229115032
1050 90 0.5731941182669015
1000 160 0.6835857250421534
1100 121 0.6188894482807566
1100 100 0.5649339128975505
1050 493 0.41940275599936316
950 160 0.7875748625843629
1000 309 0.649870978033552
950 493 0.3828713619650322
1150 80 0.6559277821740086
1150 160 0.49858753607776435
850 133 0.18744177584868627
1000 493 0.41820188398112995
1050 80 0.6567414433761699
1000 409 0.6476691918972003
1050 121 0.6532298557169505
1050 100 0.7602909789452446
1100 596 0.4321295773270223
1000 871 0.5596070913769006
1000 281 0.6852124359058344
1050 339 0.5424041858499302
1100 160 0.5176950364583249
1100 146 0.3684337672678645
1000 233 0.7483480394086562
1050 160 0.6839302288893049
1050 50 0.656640746299851
1050 256 0.685371505274635
1050 409 0.619918000428828
1050 212 0.6889019830630307
1050 720 0.4322520380778292
1050 309 0.5424428409643487
1050 60 0.6732262957436622
1100 133 0.6177903092591831
1050 281 0.6494925136405436
1100 309 0.5424346652952815
950 449 0.41771623551737974
1050 542 0.41775498110815723
1150 110 0.6201281500820508
1100 80 0.656025577935576
1050 655 0.4729938229570456
1100 70 0.7112199908852995
1100 233 0.686573034594753
1050 193 0.8588311636339004
1050 372 0.5898798343820648
1050 958 0.5587879421143749
1100 176 0.5176801387484812
1050 449 0.3043187782339777
950 50 0.7119842127595134
1100 212 0.6856802715669298
1050 596 0.43098675433405154
1150 70 0.6558779958892385
1100 256 0.685141305214259
1100 409 0.4180149244892798
1050 871 0.5591736144837566
1150 100 0.5594458597693246
1100 90 0.5631742961447394
1100 871 0.5589222297658468
1100 281 0.6494997098240168
1100 493 0.41903378330156793
1000 958 0.5590537006497165
650 372 0.6495892261377745
1100 449 0.3473310852080504
1100 958 0.5585800092063944
1100 339 0.5704646256054962
1150 193 0.34866366383496156
1150 542 0.4187254638847139
1100 720 0.43220629314298115
1200 256 0.574658304048384
1200 309 0.5700154164131422
1100 110 0.6219560196328698
1100 1053 0.5580563813377436
1150 146 0.3923866000647714
1150 281 0.6498653008043029
1100 372 0.5701832564660352
1100 542 0.41911988765472447
1200 372 0.6409379931521751
1150 372 0.5648931308093197
1200 493 0.4309731819714093
1100 50 0.6567748252527311
1150 90 0.5630232534047728
1150 256 0.6494541524472309
1200 449 0.41899493852750797
1150 40 0.7565376225276685
1000 256 0.687202879020693
1200 542 0.43177207564619013
1100 60 0.6568790359133254
1150 596 0.5571831718169886
1150 50 0.6566256224749816
1150 212 0.584716809125861
1150 121 0.6178733529968599
1100 792 0.43604973385160584
1150 871 0.5597133340515396
1200 720 0.5558179029735492
1200 871 0.5592819686042597
1200 1153 0.5573823957246553
1100 655 0.43745286337656114
1200 1053 0.5576250615855678
1200 655 0.43575477426772213
1250 110 0.4043055689700809
1200 60 0.5732810855876129
1250 146 0.5272686153041286
1150 133 0.6180207314896609
1250 40 0.3266077692502385
1250 80 0.5576018690896187
1250 160 0.6065962095400279
1250 90 0.55757800256887
1250 133 0.3735220675642443
1150 720 0.4318026973371804
1250 100 0.2387566976605046
1250 256 0.647824758964658
1250 70 0.45632672611942654
1250 50 0.3268997922132785
1150 233 0.5827997554641485
1150 60 0.6558530012822361
1250 309 0.5705974474319091
1250 339 0.5640876486437717
1150 493 0.4318854574197238
1200 958 0.5577316889222631
1250 233 0.1525061285514012
1150 339 0.5645995435676596
1250 449 0.4198463118715009
1250 212 0.2319570434039284
1250 193 0.5504076308132696
1250 281 0.5409216463939229
1250 60 0.3273356563960795
1150 309 0.542481573325696
1150 655 0.43628994394821735
1250 720 0.5554717383251827
1250 176 0.27987514407687797
1150 958 0.5581765473427202
1250 409 0.3463865315072159
1250 493 0.41777402126247787
1300 70 0.4975898239929093
1150 449 0.3982650974083536
1250 542 0.4306489988719956
1150 409 0.29633503500853375
1250 372 0.41811842933234106
1250 871 0.5588625169339771
1250 655 0.43231419613858707
1300 50 0.4188911379138078
1250 121 0.33159098862493
1250 1053 0.5572931414445343
1250 958 0.55744327361866
1300 212 0.2634998972822768
1300 233 0.47157835108632906
1300 133 0.7380248128298046
1300 90 0.29543827743929746
1300 146 0.605761566759799
1250 792 0.5563896881296276
1300 100 0.38617955264446746
1300 256 0.4714978149459959
1300 80 0.45679479114394067
1300 60 0.4558622589657143
1300 121 0.5364014260521232
1300 160 0.6065290834499263
1300 309 0.5723434920062516
1150 792 0.4359946363629201
1300 176 0.8307234982289025
1300 193 0.23032311688321253
1200 160 0.2787495992272321
1300 720 0.5372367264643625
1200 100 0.397396750217035
1200 70 0.6553927514857327
1200 110 0.4030572840012404
1200 50 0.6553285544664953
1250 1153 0.5572012286588315
1150 1053 0.5578539087327263
1300 110 0.5105426513926853
1300 40 0.41853225284624007
1250 596 0.557150275113915
1300 339 0.5637401327715428
1300 542 0.4321538827515275
1300 281 0.40039047232778247
1200 90 0.3951969680427004
1300 596 0.4309306204604741
1200 121 0.3309360948228313
1300 449 0.43051049113075396
1200 339 0.5707338660015242
1200 146 0.49941177297233946
1300 372 0.296474076788193
1300 409 0.39764211324493404
1200 133 0.40279301701039305
1350 40 0.5327916601933408
1200 80 0.6432012091572459
1300 958 0.5575079471562467
1300 655 0.4318412537474034
1300 1153 0.5570039889823453
1200 233 0.584980396193033
1350 80 0.504789523214871
1300 493 0.39949583871549815
1300 1053 0.5570737116632059
1350 90 0.2593801063295136
1300 1253 0.5598589731349259
1200 409 0.304389881946439
1350 133 0.49584411002009415
1350 70 0.504885604919849
1300 792 0.5561771611666751
1350 110 0.5927063514496432
1350 60 0.3921857478583239
1350 372 0.30281800458472
1350 121 0.5123930207063812
1200 212 0.5500414630227902
1200 40 0.6551997410651826
1200 193 0.5507028409354383
1350 309 0.47043271085726895
1350 493 0.417953027761686
1350 655 0.43152942509805237
1350 281 0.41886648391067477
1350 212 0.2633576930455243
1350 409 0.41806848312391937
1400 50 0.4574320565694833
1350 449 0.3996863553128942
1350 233 0.3027413478483015
1350 542 0.4321472825779733
1300 871 0.5582703411768773
1350 100 0.16913569545513782
1350 146 0.26596699479548896
1200 281 0.5422139684116193
1400 70 0.6509995597753404
1400 60 0.5334315740190622
1350 720 0.5238825551156054
1350 339 0.5720557217463226
1350 176 0.443087184646777
1350 596 0.43072997748565006
1400 80 0.6113813446648516
1400 193 0.5929282189765622
1350 1053 0.5568591957856911
1400 176 0.20556226796292773
1400 655 0.4313742032927156
1400 40 0.4570832424169384
1400 233 0.40088693795661434
1400 596 0.4302752157515969
1400 160 0.43927708703538865
1400 309 0.4177160890602586
1400 409 0.41889442363104096
1400 372 0.34613974427583133
1400 90 0.5334544934789135
1400 1053 0.5565922492344082
1350 871 0.5579290960168706
1400 1153 0.5563902411435296
1450 80 0.5344389781107601
1350 958 0.5572470413440225
1400 871 0.557537734009372
1350 256 0.5712595321004268
1400 281 0.47078826780015487
1450 90 0.5344360761244653
1350 1153 0.5567247643609021
1400 339 0.296400083643197
1350 193 0.26414203406408676
1400 100 0.3680122870561061
1400 256 0.47001364984617316
1450 121 0.3495780263426231
1450 100 0.47747929591686683
1400 212 0.2644969523410946
1400 720 0.5219071545813954
800 60 0.5144349128669409
1450 50 0.5452657868669075
1400 493 0.43206225190096353
1450 70 0.5330751997218521
1400 792 0.555361200403711
1450 493 0.4308806075662174
1200 792 0.5568726354493365
1500 110 0.40252530847748325
1500 133 0.36381982864056855
1400 958 0.5568249420972667
1450 596 0.41827044611667613
1450 40 0.5326603125061433
1450 146 0.36426009727761416
1350 1253 0.5596321996723987
1450 60 0.5614914762161674
1500 309 0.4185023146947042
550 233 0.7485987513012963
1450 655 0.41931863704630895
1500 409 0.3993753647936367
1450 449 0.4185901034575429
1400 1353 0.5983162039880796
1450 133 0.36424145120747686
1450 212 0.41536840979193057
1500 792 0.5554361756720293
1450 176 0.45470184492343385
1550 40 0.5669515878385877
1450 193 0.4154660355543035
1200 596 0.5572215174692537
1500 1453 0.8422982017336914
1450 1353 0.5982316026346586
1500 1153 0.5558226612847846
1400 542 0.4322434074114189
1450 256 0.4706678743589466
650 50 0.5025235250552872
1450 160 0.014515449693795243
1450 309 0.419047052305212
1450 233 0.304565395264362
1450 542 0.4362077887909247
1450 110 0.38446865241634864
1450 409 0.4190865838745708
1450 339 0.3026887811190307
1500 60 0.547144211678811
1450 871 0.5572466062447342
1450 1253 0.5591165118481867
1450 281 0.47024516346698597
1450 720 0.521192616889777
1550 212 0.259958749252004
1550 146 0.3646411269822158
1450 1153 0.5561350906673833
1550 160 0.362973877169386
1500 70 0.5338341667458157
1500 40 0.5328622401452765
1500 90 0.5343841663264786
1450 1053 0.5563163840656179
1550 233 0.25807165807513344
1550 281 0.39775528911066504
1500 160 0.16987749552000123
1500 281 0.47037576714882984
1500 50 0.5467053574087816
1550 409 0.39905505010464537
1550 596 0.4319904364516645
1550 493 0.5223733918596999
1550 449 0.43038735224247193
1450 958 0.5565714237714918
1500 80 0.5382734219898254
1550 372 0.418736981996419
1450 792 0.5559840317337197
1600 70 0.5151652049209122
1500 121 0.23590114206386242
1550 655 0.4167426587076177
1500 256 0.4024250693277271
1450 372 0.3996875453787832
1600 50 0.5473410108692198
1550 1253 0.5585052645683813
1550 1053 0.555725760076819
1600 133 0.33700256469965895
1550 792 0.536622434932437
1600 90 0.490085595763804
1550 542 0.4320708470542415
1500 212 0.044518070437640944
1500 339 0.3025009493562203
1500 100 0.44072028700378224
1550 1353 0.598039217302685
1500 372 0.417928928127666
1550 871 0.5562799182466054
1500 146 0.3638488009089599
1500 493 0.4309204090591424
1600 100 0.4073186491745272
1500 596 0.39996547629889456
1600 176 0.1674900918180959
1600 160 0.15986575955089477
1500 176 0.41330561987555986
1500 233 0.4159661265774557
1600 596 0.43182889939687535
1600 256 0.29685468227230916
1400 1253 0.5593853075334709
1600 80 0.5325284830855321
1550 309 0.5476017184015403
1600 493 0.5228853017645994
1600 449 0.4199781974838113
1600 372 0.41887774929239086
1650 40 0.49243559520705377
1600 212 0.33481391502921765
1600 655 0.415480225946681
1600 146 0.2368868740177742
1600 720 0.5371859046833707
1550 70 0.6514183070812638
1600 1053 0.5553936625779744
1650 50 0.49027399675136896
1500 871 0.5567864340978932
1600 1553 0.8400673689967579
1650 70 0.49117661006804025
1600 958 0.5556069164798761
1550 60 0.6927663237855857
1600 409 0.4184429659959275
1600 281 0.3997180540153444
1500 655 0.41889450923939414
1600 40 0.5745842538528246
1600 309 0.39833002496040487
1600 1453 0.8422287418816545
1600 542 0.45674619335206196
1600 792 0.5215289979587465
1600 1253 0.5581583940526657
1500 1253 0.5588238693981629
1500 958 0.5562899818478615
1650 80 0.4899060816843884
1500 542 0.4324932451630604
1650 233 0.334273611824239
1650 193 0.16588286040176062
1600 1353 0.5979300425030211
1650 256 0.39890866352459975
1550 100 0.4299555293169529
1650 372 0.4218590906807278
1500 449 0.41825356009158265
1650 281 0.29712768006510853
1650 212 0.31345579712881716
1600 1153 0.5551836643558155
1550 110 0.38397412478492954
1650 160 0.19532571881135127
1650 121 0.19829743443802408
1550 121 0.38405379673044543
1550 256 0.4701436422961734
1650 871 0.5557897603603263
1650 1053 0.5550360609409312
1650 792 0.49709361477020353
1700 70 0.4215332011121097
1650 1353 0.5978111820353738
1650 1453 0.8421893248151193
1500 1053 0.5560274400121399
1650 409 0.4176707137141289
1700 80 0.48780244784480037
1650 655 0.41284835545565857
1650 1253 0.5577807502022716
1650 1553 0.8400552879036957
1650 542 0.4362201907988859
1700 193 0.16701656510776267
1550 339 0.397554801055891
1650 958 0.555130937543127
1700 339 0.3969653272080448
1700 212 0.39185615148999264
1700 40 0.4898227743645774
1550 50 0.6243553549978196
1550 133 0.3837049767432503
1700 372 0.41975627140380656
1700 281 0.39554276061150134
1550 80 0.5335093243344723
1700 449 0.4304822169258771
1500 1353 0.5981394956973233
1700 233 0.39832082180144823
1700 655 0.3997836199054684
1700 409 0.43088510425119075
1550 1453 0.8422649469414821
1600 193 0.1395668137807518
1700 792 0.49509838713597815
1550 720 0.5553686849409729
350 110 0.494639942335825
1350 50 0.504701458096528
1700 493 0.43066926389831334
1700 958 0.5243196720867022
1700 542 0.4184548560804527
1700 596 0.43074896253149003
1600 121 0.34932847823536395
1700 1653 0.8421273424430482
1600 871 0.5558843382339576
1700 309 0.4710385665485894
1350 160 0.44360334990840533
1600 60 0.5794574670736768
1700 1353 0.5976817766156902
1750 80 0.08536958548894842
1650 339 0.4179518111236166
1550 958 0.5559734229625584
1700 1553 0.8400421350114942
1750 70 0.07752763068851605
1500 720 0.5559846318862611
1650 90 0.2313551136718514
1550 90 0.5330023221437523
1750 233 0.35475509500955166
1750 146 0.05653527367635679
1700 1153 0.522265740712968
1750 50 0.3971787233137796
1700 1253 0.5573919365641209
1750 60 0.08749088946010476
1600 110 0.3482154876681187
1700 1453 0.8421464107820632
1550 1153 0.5555131260128641
1750 193 0.2557924899878128
1700 50 0.4674839867897883
1650 146 0.1998396348604646
1600 233 0.25952877106361144
1700 1053 0.5237785998607785
1700 60 0.48827107071771036
1750 90 0.06075930927857436
1600 339 0.3990399071952485
1650 100 0.11520726920671871
1650 60 0.4892955415458882
1700 871 0.5553567979079459
1400 449 0.39935584260518553
1750 655 0.41796686400251964
450 339 0.858891480892683
1750 720 0.5213529112254867
1750 176 0.05676221422820744
1650 176 0.12540786873903415
1750 256 0.4188210401380915
1650 133 0.19875294629317322
1750 493 0.43016200956836603
1650 493 0.5220526461172743
1700 720 0.49714192608707
1750 281 0.3846883051582695
1650 596 0.4312980305448635
1650 309 0.3982475897254353
1750 1453 0.8419672043803983
1750 372 0.41976107942207724
1650 449 0.4311631464636934
1750 212 0.23186233238671675
1750 449 0.4300875421750686
1750 409 0.4312408230721382
1700 256 0.41785365953103387
1800 212 0.07432814612096851
1750 40 0.45295449213749484
1800 40 0.08749379873835254
1750 871 0.5244844898646993
1650 1153 0.5352014388605754
1700 146 0.16459676270528498
1650 720 0.521866082866769
1800 70 0.10855044584785693
1800 281 0.34672177377245145
1700 176 0.166392133994099
1800 449 0.43113543101021007
1800 339 0.3979947349055937
1750 1553 0.8400278152332781
1750 596 0.4305157125995774
1800 80 0.1153212531149668
1850 40 0.07632633718446495
1800 60 0.0066731723493600355
1800 1153 0.49568295752068564
1350 792 0.5557555442148493
1750 1253 0.5570031526982606
1850 50 0.08643432859707208
1800 409 0.41883324070926237
1750 1153 0.508823141402672
1850 233 0.2562586087008996
1750 1053 0.5207027958434313
1800 50 0.1167963631133402
1700 160 0.16262665996293266
1750 792 0.45610557672355706
1750 542 0.3999262711404478
1850 339 0.3969100816725516
1750 1353 0.5674954876690067
1850 212 0.09893958361645473
1850 409 0.4310852009499419
1800 233 0.25702898293733184
1850 281 0.3098707289424759
1750 160 0.0558087203315923
1850 720 0.45622897685571967
1850 493 0.3995078319701773
1850 1053 0.4570822713865854
1750 339 0.41886701074980853
1900 40 0.10752882898557077
1750 309 0.4178789722161303
1800 256 0.48638584096602866
1850 655 0.45630102884454316
1850 1553 0.8349897783568238
1800 309 0.3847230107756159
1800 90 0.12283181184162509
1850 871 0.4966438666279175
1800 871 0.5214148646045651
1850 958 0.47451730705403916
1800 193 0.07434997850892659
1850 1153 0.45686455828501
1800 1253 0.5565991680090052
1800 542 0.3992369545048044
1900 493 0.3983352644198741
1900 339 0.3459464948469201
1850 792 0.4362550010017162
1900 309 0.25883427911987045
1900 212 0.1043963829732205
1900 542 0.39755394006424233
1900 233 0.3088806781658716
1900 409 0.43077064285346145
1800 596 0.4961215525600416
1900 372 0.41821495056941826
1900 256 0.3089799279395421
1800 720 0.4959154633032084
1900 281 0.2998859794636886
1900 720 0.4370799116205114
1800 1653 0.8421228075419882
1900 871 0.4734491440894488
1900 958 0.45522008101469574
1900 1453 0.8417977836987076
1900 1053 0.44630541147371244
1900 1353 0.5673269826118218
1800 1553 0.8400122250463428
1800 1053 0.49586076302080256
1800 655 0.41556373543264336
1900 655 0.4372436327863965
1800 1453 0.8419154574202578
1900 1653 0.8421174323017615
1800 1353 0.5674440203723897
1800 958 0.4967317112941314
1900 1553 0.8349499980661136
1500 193 0.41306198464871374
1800 493 0.4154921860170119
1850 542 0.39869291179695304
1850 449 0.43041943050277337
1850 309 0.3473329155958248
1950 309 0.1923849346399786
1850 1253 0.5561593429831279
1950 409 0.39667767129685816
1850 256 0.3770563430739364
1950 542 0.3975119736798513
1950 281 0.2312236744069335
1950 792 0.41911961141133736
1850 372 0.41998625281071195
1900 1153 0.4462547174170084
1850 1653 0.842120234077007
1950 449 0.4176405841097013
1950 212 0.05935942352074315
1950 958 0.4371947757929235
1950 655 0.4360422465517813
1950 720 0.43600981564580615
1950 372 0.41827498519037437
1950 1153 0.43684239353373894
1950 339 0.2973159429934491
1950 493 0.39897686860770853
1850 1353 0.5673879870481862
1950 1353 0.5672401558501043
1950 871 0.4469014178864263
1850 596 0.456969731711865
1900 449 0.4302053010347068
1950 1053 0.43684239353373894
1850 1453 0.8418591196216031
1950 1553 0.8349066885846993
1900 596 0.44617146030634747
1900 792 0.43521929073539956
2000 233 0.13792711541517894
1950 1453 0.8415822423181964
2000 449 0.41438848058155275
1900 1253 0.5556804979710942
1950 1653 0.8421143819612346
1950 233 0.26425269252307365
2000 309 0.20998032643836445
2000 542 0.39649522514275876
2000 720 0.4195301124355414
1950 256 0.30845612075203155
2000 871 0.4367167542566032
2000 372 0.39945799217375744
2000 1653 0.8421110610034438
2000 1053 0.4358185961848164
2000 1153 0.4358185961848164
2000 281 0.27253087397994646
1950 1253 0.5551391920032506
2000 1553 0.8348595368131337
2050 493 0.39787064188907917
2050 372 0.3833007020178491
2050 339 0.25648060481978613
2050 871 0.435572243594143
1950 596 0.43704678874120406
2050 1653 0.8421074454200189
2050 655 0.41955894261913396
2100 212 0.013335950999358212
2050 256 0.15303301786692572
2050 1453 0.8414275768914034
2000 409 0.41865930971131415
2050 233 0.10256722286037083
2050 449 0.3996143151231478
2100 233 0.059482143775820055
2050 212 0.059516228994739
2100 339 0.27567699017301023
1750 1653 0.8421251713011869
2050 1053 0.4192462600887149
1800 372 0.3994288927412339
2100 449 0.3487946324551751
2100 372 0.2495770566591465
2000 493 0.3981113785275663
2050 720 0.41681788470830794
2000 792 0.4181358517712539
2100 493 0.3963627914946167
2100 596 0.43639166054145234
2100 256 0.10390428900228463
2000 1353 0.5671676610058591
2100 720 0.39998241876180907
2100 1053 0.41657239246576616
2100 958 0.41703718862607336
2050 792 0.4156209846128638
2000 655 0.4363932365036042
2100 1353 0.567002806141102
2100 542 0.389120055687338
2000 958 0.4361680784864975
2100 309 0.2737614145815208
2150 233 0.05833266855815957
2150 256 0.10488759822359028
2150 309 0.25701799164398176
2150 339 0.2747115519331205
2100 281 0.2725812950790567
2150 449 0.38324961061598206
2100 409 0.2972962841018333
2050 281 0.2774516485228218
2150 655 0.3996280417462887
2150 493 0.3961681084157082
2150 542 0.38795067423112706
2100 792 0.3996988004515316
2050 193 0.014741799791308784
2150 871 0.41570723196383996
2150 792 0.39897260820995045
2150 958 0.41316598681936645
2150 1353 0.5669092543268924
2150 1553 0.8346914650995587
2150 1653 0.8420992235040647
2150 596 0.41910438250002807
2150 1453 0.841244251210694
2150 1153 0.41263720609461607
2050 542 0.3956215899018821
2000 1253 0.5232148620334002
2200 256 0.07638704474334486
2050 596 0.4458544672668641
2100 1253 0.47462824253645414
2200 372 0.232680069315946
2150 720 0.39904243019675756
2100 871 0.4182436238845996
2200 409 0.2758994545537406
2100 1153 0.41657239246576616
2200 309 0.277544411684367
2050 958 0.4350568557860083
2200 655 0.39877739170702153
2000 1453 0.8415081942677165
2150 281 0.20824274357142755
2200 542 0.39538719669758204
2200 1053 0.3992365447726172
2150 1253 0.4466384496887467
2050 1153 0.4192462600887149
2050 1553 0.8348082018747053
2050 1253 0.49736909798348394
2200 596 0.4159442419389355
2050 1353 0.5670887346316817
2200 720 0.39816604247174975
2200 1553 0.8346252193317067
2200 281 0.12409515513583232
2200 871 0.39967934792995774
2150 372 0.20499598852147402
2100 1653 0.8421035090726385
2150 409 0.3986021252404454
2250 449 0.33584784625692604
2150 1053 0.41279348150205636
2250 655 0.39782269506609386
2250 281 0.10475478658291786
2250 256 0.05910949970491984
2250 309 0.24946657029547825
2100 1553 0.8347523126511202
2250 493 0.3828318407929548
2250 720 0.3975119115544538
2250 339 0.2732827850282068
2200 233 0.05515441113456498
2250 792 0.39729170752611026
2250 1053 0.39837121403697184
2250 372 0.2760980705713198
2200 449 0.39805919461448286
2250 958 0.3983950226309882
2200 339 0.255629180772353
2250 871 0.39880816607712316
2200 493 0.38960127261200717
2250 1553 0.8345530964336499
2200 1653 0.8420945577324181
2250 1253 0.4352484496585124
2000 596 0.4951378741083156
2250 409 0.27447061674245116
2200 792 0.39817209017414806
2200 1253 0.43661447055847474
2200 1153 0.3992196407519357
2200 958 0.3992768379344158
2300 281 0.09451191547560846
2200 1453 0.8411402175805863
2250 596 0.415434788393465
2300 372 0.2567131854833887
2000 256 0.3079131611791846
2250 542 0.3886219089132484
2100 1453 0.8413398073779388
2300 409 0.2649374502772485
2300 339 0.27488101528188524
2300 1353 0.5665681017553176
2300 596 0.3992941925196984
2300 309 0.19218210633062519
2250 1353 0.5666965154509092
2300 493 0.3838495585665955
2300 655 0.3967875024433607
2300 449 0.3837064288902272
2250 1153 0.398354087586374
2300 792 0.39622096073060964
2300 1053 0.39742859720430895
2300 1653 0.8420839476654293
2300 958 0.3974355410616183
2300 1253 0.4162846409831552
2250 1453 0.8410269543919776
2300 542 0.3846045307507755
2350 339 0.20878377360536052
2250 1653 0.8420894780271971
2350 409 0.20963004617124392
2350 542 0.3834847288412016
2350 792 0.39517470888495115
2350 309 0.12417670940942241
2300 720 0.3964990998212624
2300 871 0.39787224602429905
2300 1153 0.39741110196132245
2050 309 0.2748033561785569
2350 1453 0.8407124808819306
2350 1153 0.3963583579006245
2350 1553 0.8343890873826776
2350 1253 0.3997762290915109
2300 1453 0.8408475808035961
2350 1653 0.8420779266661874
2350 1353 0.5664365491417542
2350 958 0.3963954431611775
2350 493 0.3476092308543807
2350 596 0.3981642251090971
2400 339 0.19783977499429356
2350 720 0.3952516316355945
2350 871 0.3968449104715045
2400 720 0.3857393524793136
2400 542 0.37143772754437276
2400 958 0.3952706307218919
2300 1553 0.8344745750036355
2400 1353 0.5662933255661992
2400 1153 0.3952329397325189
2400 1253 0.3988023762010936
1750 958 0.5212919497310703
2400 1653 0.8420713715015543
2400 792 0.3854305948872515
2400 493 0.29705846034223155
2400 1053 0.3952706307218919
2350 655 0.3955587105582742
2450 655 0.38403432751824446
2400 372 0.2562487426678196
2450 449 0.25740491125602366
2350 449 0.20844225383126008
2450 339 0.1232838857846574
2350 281 0.06759921238564158
2450 1353 0.566133624256
2450 720 0.38400331360289164
2450 1053 0.3853243563049849
2350 1053 0.3963954431611775
2450 1253 0.39773892062151245
2400 449 0.2726536744290375
2400 309 0.10291967864705227
2450 792 0.38397361062382235
2450 309 0.06977349519683912
1800 792 0.4373727757140384
2450 596 0.396004883493607
2450 372 0.2484561011977677
2500 372 0.1547447195763409
2500 542 0.2974806412975282
2500 339 0.1029506587278681
2500 493 0.20803974334912748
2500 596 0.38851123375642127
2400 409 0.2550212527220317
2500 1153 0.3838541240700575
2500 1253 0.3877699863927688
2500 958 0.3838878434883695
2450 1653 0.8420354788875581
2500 1353 0.5659637899920108
2400 1553 0.8342960155507491
2400 596 0.39676331391807224
2500 449 0.26477404016603234
2100 655 0.4161935130193966
2400 871 0.39572744180636255
2550 1553 0.8338993114229827
2550 871 0.38289482798293634
2500 1653 0.8420271962899986
2550 542 0.30251360481998923
2500 1053 0.3838878434883695
2400 655 0.3866217136251071
2550 596 0.38436154291450125
2450 409 0.24028807941523891
2550 1253 0.3842620401861077
2500 655 0.3830544570015232
2400 1453 0.8405653952915038
2550 409 0.24087221181301205
2350 372 0.24805115679942716
2450 542 0.3352388792208331
2450 871 0.3879182073862891
2600 449 0.20081044270018966
2450 1453 0.8403777624095788
2500 1553 0.8340207006101473
2450 493 0.30351962803330823
2450 958 0.3853243563049849
2450 1553 0.8341321980697517
2450 1153 0.3850448433487131
2500 871 0.3841423476133334
2600 655 0.3271628146337745
2500 1453 0.8402029096070797
2550 372 0.13832142514488277
2500 409 0.25539078719081887
2600 720 0.33537564777950823
2550 449 0.2091606519556422
2600 871 0.34628049362779917
2500 720 0.3828133600963861
2600 372 0.10335905182738568
2500 792 0.38281345364420394
2600 1253 0.3830699553382686
2550 958 0.38263520582782856
2600 596 0.3828578508132217
2550 339 0.05956636577900757
2550 720 0.34930345922326006
2550 1153 0.3826008084718664
2600 792 0.32668366372336183
2550 1053 0.38261873147173797
2550 1453 0.8400125443768388
2600 1653 0.84200836148161
2200 1353 0.5668074028701419
2550 655 0.3471308167878978
2550 792 0.3464302061629249
2600 1453 0.8345596033385505
2600 1153 0.3452343126770315
2600 958 0.345363918674148
2600 409 0.15414035999938228
2550 493 0.2555773702640314
2650 449 0.20943485586444915
2650 493 0.256544515843793
2600 1353 0.5655775831532688
2650 542 0.29648558700739325
2650 596 0.2971152842882166
2600 1553 0.8337671529432039
2650 409 0.19675676233990352
2600 542 0.2732176843684424
2650 720 0.3043092892671988
2600 493 0.2562963540029463
2650 792 0.30368591102792114
2650 1453 0.8340492457569726
2650 1553 0.8336232697507598
2650 1153 0.31285693735910397
2650 1253 0.3474072906959575
2650 871 0.3253436796033525
2650 1353 0.5653584185536817
2650 1053 0.3130898925961555
2650 958 0.31324878464715294
2650 372 0.06924787908252715
2700 409 0.11901005249925452
2600 1053 0.3453018448947553
2700 449 0.2088334149008842
2700 542 0.1831647926432351
2700 655 0.29739920157426064
2700 792 0.297305977029723
2550 1653 0.8420181788846788
2650 1653 0.841997673107338
2700 1353 0.565119810313695
2700 958 0.30283566833053716
2700 1053 0.30280901971009416
2700 1153 0.3027699495537777
2750 493 0.14674993427215863
2700 871 0.3031921244334962
2750 409 0.09361000584937076
2000 339 0.21659370978753212
2700 1553 0.8334666216635351
2650 655 0.30361212213520977
2750 720 0.29698661050456326
2750 596 0.28786835044342807
2700 1653 0.8419860364918532
2700 1253 0.33108293415451207
2750 449 0.12292713044606408
2700 1453 0.83349361074779
2750 1153 0.2971245029478359
2700 493 0.24891320531628217
2750 958 0.2971350961612361
2700 596 0.2972665086268128
2750 1253 0.3039032739534209
2750 1653 0.8419733675099759
2750 871 0.29719255145293644
2800 655 0.2965276906046538
2700 720 0.2973981900162854
2750 792 0.2968919744329009
2800 449 0.12718611009404235
2800 409 0.059039371700882304
2800 1653 0.8419595745731887
2800 1553 0.8331104004797699
2750 542 0.14563810061717872
2800 1153 0.2966814876746171
2750 1353 0.49694757774040926
2850 449 0.10400660287539612
2750 1053 0.29712612745545786
2050 409 0.41760259380523784
2850 792 0.2959070283850483
2850 720 0.29605240962494495
2850 958 0.29618540894723927
2850 871 0.29624621452294064
2850 542 0.19241995401768483
2850 1653 0.8419445579675086
2850 1253 0.29689218687798896
2750 655 0.2969719026145753
2800 720 0.29653305029960686
2850 596 0.2099908817677002
2850 1153 0.2961861738075194
2800 596 0.27677622052842743
2800 871 0.2967394805487514
2800 1453 0.80486059896706
2900 449 0.06710774484763984
2550 1353 0.5657788885302957
2750 1453 0.8328886814304375
2900 720 0.2955213364057333
2900 1053 0.2956366923234875
2850 1353 0.4732488557642726
2800 1253 0.29732371861810675
2900 871 0.2957091873822179
2750 1553 0.8332960762175076
2900 1153 0.29564691714703756
2900 1453 0.8039106404693995
2900 1353 0.34988918543180775
2900 542 0.19160116143220374
2850 655 0.28736224298148344
2900 1653 0.8419282091326205
2850 1553 0.8329082521352229
2800 792 0.29642469641532887
2800 493 0.13974013359313775
2900 596 0.13833550968148214
2900 1253 0.2964187422426429
2900 1553 0.8326881697825099
2800 1353 0.49583132532145563
2800 958 0.29668042126575206
2850 1453 0.8044902825585893
2950 449 0.015368838618834825
2850 1053 0.29617591739034954
2800 1053 0.29667120223831955
2950 720 0.28698059310207685
2900 493 0.12822741130031143
2950 792 0.28690828252965817
2900 655 0.27640468280159264
2950 596 0.10607786600039071
2900 792 0.2953714164750438
2950 1453 0.8034658449421211
2950 958 0.29505489736388874
2950 1353 0.34795663940902155
2950 1653 0.8419104098770572
2950 1553 0.8049746114016672
2850 493 0.1475732266703242
2900 958 0.29564179258156464
2950 655 0.28508207316309103
2950 1153 0.29505981921744034
2950 1253 0.2959071252212048
2950 493 0.10332254887990293
2950 871 0.29512451676883295
3000 655 0.24896619039082704
3000 542 0.10373554274135154
2950 1053 0.2950496287904032
3000 1453 0.8029815884603823
3000 720 0.2770261291608378
3000 1553 0.8048458537496465
3000 958 0.28554553175013736
3000 1653 0.8418910315237512
3000 1253 0.29535011903835173
3000 1053 0.2855250430071286
3050 1053 0.2748807660094056
3050 1353 0.303127851480804
3050 1153 0.2749459046795341
3050 1553 0.8047056730964236
3000 1153 0.2855631849810965
3050 655 0.12260136531607507
3050 720 0.2734676605546677
2800 542 0.20756767771836468
3000 1353 0.3071886163728007
3000 493 0.1032656886060218
3050 792 0.27346393807766606
2950 542 0.10471530195975828
3000 792 0.2769960952898519
3000 871 0.28581626234278845
3100 596 0.14529213109290992
3100 1453 0.4970862454037551
3050 493 0.05828288444968323
3000 596 0.10518193704088828
3100 871 0.25678048884350546
3100 958 0.2563014045056298
3050 1453 0.4974695304994937
3050 1653 0.8418699339797823
3100 542 0.07558331605412431
3100 655 0.14691384475061103
3150 596 0.07599613438264922
3150 871 0.20992538408377232
3050 542 0.10378660077868376
3050 596 0.13256328716380958
3150 1153 0.20967784610740484
3100 1353 0.2599909522444459
3100 1653 0.8418469647235978
3200 720 0.18334013856871528
3200 596 0.011064581211404129
3100 720 0.24909154298333727
3050 871 0.27529566373298636
3150 542 0.05810141698474987
3150 792 0.2088679115535436
3050 958 0.2749218764318408
3150 1053 0.2096387923515447
3100 1053 0.25628968732027907
3200 1153 0.2041223901869884
3150 958 0.20964563444296194
3200 1453 0.49621464669519544
3200 871 0.20455951851244283
3150 720 0.20772052528517163
3200 1553 0.8042060014655394
3200 1053 0.2041223901869884
3200 1353 0.25658402226994453
3200 1253 0.24833334089432446
3100 1153 0.2563591287810424
3100 1553 0.8045530560268389
3200 792 0.20279373831218725
3100 792 0.2496467269042271
3100 1253 0.2767189411996989
3200 958 0.20406849728935317
3150 1453 0.49666895637861336
3150 1353 0.2575316671942169
3250 720 0.13276750431498494
3150 1253 0.2730219396835468
3250 655 0.032916473021987545
3250 1453 0.4957200319892921
3250 1053 0.1840018263397005
3150 1653 0.8418219577023807
3250 1253 0.20833827917481232
3300 792 0.14594000317769193
3300 596 0.010290293603166327
3300 720 0.028049365204755195
3300 1553 0.8035484469753089
3250 1153 0.1840018263397005
3250 596 0.04391911281785151
3250 792 0.1836207401031711
3250 958 0.1839451663733974
3250 1653 0.8417650911880281
3250 1353 0.25557484584824475
3250 871 0.18445307539903535
3250 1553 0.8040090549945502
3150 1553 0.8043868992185125
3200 1653 0.8417947321315942
3300 1353 0.23020572987766333
3300 1453 0.4950111774721031
3300 1253 0.19288843146382964
3300 871 0.17522776583211574
3300 1053 0.16216309269123433
3300 1153 0.16201076950087423
3300 958 0.16186366674476235
3300 1653 0.8415126088715889
3350 1353 0.1345170673855728
3350 871 0.13822451923366866
3350 1453 0.4732565951443868
3350 792 0.11348632902307106
3400 958 0.07259407905603707
3350 958 0.13763011678728349
3400 792 0.05803001812928973
3350 1253 0.17683314360328403
3350 1553 0.8033028621381915
3450 1653 0.8413645631198731
3400 1053 0.07270232868789218
3400 1153 0.07264053112722159
3450 1553 0.8027443968358534
3400 1253 0.1460898483367161
3450 958 0.032098155885048565
3500 1253 0.047636163739363246
3350 1653 0.8414673905574105
3500 1353 0.059853541298962254
3450 1153 0.032137040282560654
3400 1353 0.11360522856970397
3600 1653 0.8411735157591507
3550 1553 0.3509022629112739
3500 1453 0.1335282576569585
3500 1553 0.3522225048154473
3450 871 0.03968330110061036
3350 1053 0.13768955083173062
3550 1353 0.05938840497196407
3350 1153 0.13765756888582825
3500 1653 0.8413062106208654
3550 1653 0.8412426812593112
3450 1353 0.07367063493456796
3400 1653 0.8414181606070372
3550 1453 0.13266625971797777
3400 1453 0.3502602088017751
3400 871 0.0737425994459066
3450 1053 0.03217138920033581
3450 1253 0.0744162341472851
3650 1353 0.05833067476950343
3400 1553 0.8030354897346994
3450 1453 0.13432001335304106
3600 1453 0.07467020564931473
3600 1353 0.05888200311441973
3650 1653 0.8410982140986992
3700 1453 0.07375877739765183
3700 1353 0.05773043419103849
3750 1353 0.04753453299103199
3650 1453 0.07423384772119017
3750 1653 0.8409269764723692
3750 1453 0.07324156022853369
3800 1453 0.07267845706932537
3800 1653 0.8408298025695686
3850 1653 0.8407240076831518
3700 1653 0.8410162318958149
3900 1653 0.8406088269847406
3050 1253 0.28677839386787357
3950 1653 0.8404834277926257
