250 90 0.9666638699286129
300 50 0.966722047811093
350 212 0.9666629496726288
250 233 0.9666638699286129
500 100 0.9667200117725679
350 193 0.9666629496726288
200 70 0.9667227969116952
200 160 0.9667227969116952
350 339 0.9216608168204852
250 176 0.9666638699286129
200 100 0.9667227969116952
400 90 0.966721110348032
200 176 0.9667227969116952
400 70 0.9667211161156714
250 212 0.9666638699286129
500 80 0.9667216910636597
200 60 0.9667228280948207
300 100 0.9667220108356883
500 60 0.9667290660084388
400 146 0.9667210790959838
200 110 0.9667227969116952
300 90 0.9667220108356883
300 40 0.9667233130285618
350 176 0.9666629496726288
550 409 0.9454278549929491
400 100 0.966721110348032
400 193 0.9667210790959838
500 281 0.9615217046526136
500 133 0.9667200059967509
300 233 0.9667220108356883
500 409 0.945479458808711
400 309 0.9615720513101903
500 372 0.8658263804860614
400 160 0.9667210790959838
450 60 0.9666690269282792
300 193 0.9667220108356883
400 212 0.9667210790959838
200 40 0.9667228280948207
400 372 0.8599259413301066
500 233 0.9611309021480287
450 212 0.9667832216281323
300 176 0.9667220108356883
250 80 0.9666638699286129
300 160 0.9667220108356883
450 50 0.9666728923648942
250 40 0.9666639068845444
350 40 0.9666646625371529
350 60 0.9666629866692347
400 233 0.9322443846527199
450 160 0.9666618588887465
500 493 0.9452232614919556
300 281 0.9611222829128789
500 90 0.9667212803013348
500 256 0.9612898138137632
500 449 0.9451891698884328
400 110 0.966721110348032
300 256 0.9322412525235193
450 40 0.9666750318183583
650 256 0.9617362973751388
550 90 0.9666622837196228
850 309 0.8657204538978751
200 193 0.9667227969116952
650 80 0.9665919305906557
550 60 0.9666774730837898
700 193 0.961246214510345
400 339 0.859997238440848
750 655 0.9474763855760966
300 60 0.9667220420503531
650 309 0.8599232900902838
500 121 0.9667200059967509
650 90 0.9666722508191911
350 80 0.9666629809051913
700 110 0.9667262386865071
600 176 0.9668538917308177
650 100 0.9666701041535478
600 40 0.9664507026994541
700 121 0.9667246899436119
550 121 0.9666605972988235
450 309 0.9217602585170288
350 90 0.9666629809051913
450 193 0.9666618588887465
800 372 0.9452245949498783
650 40 0.966391268859864
300 121 0.9667220108356883
350 256 0.9609757684791115
600 212 0.961162799393321
650 176 0.9216952676470923
900 90 0.9663114312256109
850 133 0.9610239710484907
300 212 0.9667220108356883
400 121 0.9667210790959838
800 100 0.9665622687402835
450 281 0.9614358004548168
600 372 0.8674065827522385
550 110 0.9666606030792811
600 70 0.9665912037884697
700 596 0.9467320322192497
750 70 0.9664902367424031
450 121 0.9666618588887465
700 90 0.9665995394936893
550 233 0.9612752640255818
550 176 0.9666605659773189
700 212 0.9614074763849515
550 493 0.946424629031349
550 339 0.8599263603198964
800 110 0.9666114034673585
600 409 0.9455148914149252
450 339 0.9246576383108375
600 449 0.9452884074592683
850 90 0.9663861119914727
600 493 0.9463391332404413
600 542 0.9461754797468256
650 146 0.9666590648618175
600 60 0.9666152430488246
750 160 0.9609847454618402
600 256 0.9615200628685887
650 50 0.9664672363465476
600 193 0.9609693574233295
450 100 0.9666618901620091
700 655 0.9474892029593609
900 449 0.9461823087500353
700 339 0.8674923176816641
900 60 0.9663875034983299
800 596 0.9469416584959959
750 100 0.9666104058828029
750 60 0.9663499032346274
650 160 0.9667521792054186
750 193 0.9612608170564677
500 212 0.9217460646539261
400 256 0.9611206329236883
750 720 0.9475183992543266
650 110 0.9666662256863986
750 80 0.9665176025890627
750 90 0.9665576982482903
700 409 0.9454928447530374
800 720 0.9474913475171808
350 281 0.9612621266408432
250 133 0.9666638699286129
800 409 0.9451731441565897
450 256 0.9612605135331669
850 121 0.9667168067990025
600 233 0.9613476575578297
600 50 0.9665663206304639
850 40 0.9663501099564884
750 121 0.9666683115932052
700 372 0.9454381739094304
450 449 0.9453627640881289
550 212 0.9610155892323924
750 212 0.9615365799796645
450 110 0.9666618901620091
800 256 0.8599265147331289
800 655 0.94792026279173
400 50 0.9667282422730414
800 339 0.9454999127791089
650 60 0.9665065020484359
750 256 0.8599926639580043
1050 146 0.9612087047777398
1050 110 0.9607432984545705
1050 409 0.946180776106475
1050 449 0.9465869918369
1050 493 0.9467236515669873
1100 70 0.9801467961860235
1050 655 0.9474687674239193
1100 40 0.967492126064377
1050 193 0.9246728421886333
1050 871 0.9474387469250686
1100 281 0.9453699084269687
1000 212 0.8599219555820312
1100 339 0.9450937230683534
1150 233 0.8656927187624996
1100 100 0.9665986377674393
1100 176 0.9246886738057953
1000 309 0.9454941733214904
1100 90 0.9801327032181794
1100 110 0.9608682975037074
1100 309 0.9454649350399997
1050 542 0.9469920947343906
1100 542 0.9471660561109986
1050 792 0.9479674346912627
1100 720 0.9474318456658699
1150 121 0.9660229100427145
1100 372 0.9463723517577453
1150 40 0.9674656625481309
1100 160 0.9616717969122471
1150 110 0.9658460440878639
950 871 0.9474511142538571
1150 212 0.8655750098996667
1100 193 0.8599283909350542
1000 720 0.9474478836751886
1150 160 0.9616563024917558
1150 60 0.9800050311822446
1050 70 0.9801152898698678
1050 596 0.94797801997641
1100 871 0.9474318148728597
1100 493 0.9470300267046757
1100 80 0.9800499478851253
1100 596 0.9478255983921673
1100 233 0.8736659224047986
1150 90 0.9804119021355256
1150 720 0.9474175398260135
1100 409 0.9461154076177692
1150 256 0.9455519890646552
1100 212 0.9297500253308589
1050 60 0.9801834951981623
1000 449 0.9462599766473615
1000 542 0.9470154828691161
1000 160 0.9615813567666229
1050 100 0.9666355150849893
1050 80 0.9663461939909658
1000 339 0.9454203760421149
1050 40 0.9729131251636819
750 372 0.9452562606900503
1000 871 0.9474448493045621
1050 372 0.946276234902061
1050 281 0.9455515360857518
1000 958 0.947427265672272
1050 256 0.8673555288408541
1000 233 0.8599235279846633
1050 121 0.9609479771145356
1000 409 0.9462719372919403
1050 339 0.9452330038248906
1000 792 0.9480856007026055
1050 90 0.9663413090243438
1050 212 0.8599211749883414
1050 233 0.865679595794348
1050 160 0.9615866395861117
950 372 0.9451772958237438
950 596 0.9474980193826337
950 720 0.9474560664862721
1000 80 0.9663712784047477
1000 176 0.961732207701627
1000 121 0.9605590013592007
1000 281 0.9454675792783409
1000 60 0.9801567766934812
950 542 0.9469465601718444
1000 70 0.9663745515139569
1000 40 0.9801769480825324
950 339 0.9454268188849979
1000 133 0.9609362591344788
1000 146 0.9612584402912182
950 493 0.9464181723799046
1000 110 0.9605194222348484
950 655 0.9474963270973623
1000 90 0.9663664901475294
1000 100 0.966575045226526
1000 493 0.9467730756944494
1000 655 0.9474807096125804
1000 596 0.9474822444372878
1000 372 0.9450669096138977
1050 50 0.9801350572416416
1100 655 0.9474538961054346
1150 596 0.9476420607327187
1150 409 0.9462500112730438
1100 146 0.9612951411974587
1200 60 0.980027426165231
1100 121 0.9610321029542958
1150 146 0.9613194309856757
1200 176 0.9297488888815502
1150 50 0.9744205830306716
1000 193 0.8599939469092597
1150 193 0.9297582419298424
1150 176 0.9247868273712231
1200 193 0.9297443720103193
1150 493 0.9469896365771376
1200 40 0.9674458135258337
1200 50 0.9731892324382238
1150 281 0.9452143668146603
1150 958 0.9474063818447654
1100 792 0.9478682312130453
950 792 0.948212175175954
1150 655 0.947441712516857
1200 146 0.9666273850672327
1050 309 0.9453524693713171
1050 958 0.9474206482533517
600 110 0.9667199734469533
550 256 0.9614341588270116
950 80 0.9663967355137356
900 146 0.9612170976106161
950 90 0.9663881191484813
950 100 0.9662559211772328
700 133 0.9667184350776353
950 121 0.9606958135504484
950 160 0.9615829733164607
950 110 0.9664887444743072
950 176 0.961719236711776
950 212 0.9246352832955094
950 133 0.9610425113034852
950 233 0.8599202550179814
950 193 0.9217476094422828
950 409 0.9463450998533192
950 146 0.9613085548900815
950 256 0.8655858989608346
950 309 0.9454079734512396
950 281 0.8673596537782488
1000 50 0.980230429536142
950 449 0.9461212930942957
850 176 0.9614246303048091
950 70 0.966408075235899
900 542 0.9469850756438773
700 176 0.9610332334825008
900 596 0.9470973628070537
850 449 0.9462605481245648
900 160 0.9614131692926914
800 493 0.9462109131615363
800 233 0.9216594652057843
900 655 0.9476221477090891
850 655 0.9477811187360712
800 176 0.9612093499658187
800 121 0.966632472325508
800 146 0.961000688917988
900 212 0.9217275536127135
550 160 0.9666605659773189
350 233 0.9667308738002601
900 256 0.8599288963091174
700 70 0.9665105824328438
550 100 0.9666618726272651
650 281 0.8599928626285094
950 40 0.980188188491203
900 339 0.9453187098251395
850 50 0.9663969897440395
900 792 0.9483139426137706
600 146 0.9667186970038201
800 160 0.961146695010119
950 50 0.9801006379640557
750 233 0.9617705009110903
450 409 0.8657350810920246
800 449 0.9463454202988996
600 339 0.8657584144138097
650 449 0.9451488107383864
900 70 0.9663836608781052
450 372 0.8599294773230411
900 133 0.9611126018228786
700 233 0.9615442125642313
850 409 0.9450642435410135
350 100 0.9666629496726288
500 110 0.9667200059967509
700 256 0.9217533474361722
800 80 0.9664381966656006
550 40 0.9665614426730027
700 309 0.8599268220309708
650 212 0.9613012907912966
900 176 0.9615673817787277
800 542 0.9470728327114365
900 871 0.9474574958376754
500 50 0.9667331685549068
800 40 0.9663744953054949
850 542 0.9470321360121469
750 409 0.9453099229429348
850 720 0.9474779744977839
850 193 0.9615046323068578
800 193 0.9614112111921548
800 212 0.9616465949162883
1150 80 0.9802825357409068
1150 70 0.98000519746841
1200 339 0.9465536713173432
1250 50 0.9731304903242547
1200 233 0.9454324091794328
1100 958 0.9474130983737934
1200 309 0.9451356218253423
1150 449 0.9464669889340389
1200 70 0.980009759098524
1250 70 0.9801571403461276
1200 160 0.9616921545369641
1100 1053 0.9474115069440462
1200 133 0.9668268905548463
1250 110 0.9664334781502829
1200 256 0.945369676013611
1200 121 0.9664101827976561
1200 596 0.9474949145553124
1250 212 0.9454877622705803
1200 80 0.9803794723129823
1100 449 0.9464992135936503
1050 133 0.9608101686961433
1200 871 0.9474157676512673
1250 1153 0.9473870704733679
1250 792 0.9475113616707863
1100 256 0.9454661187528404
1250 160 0.9359901000955647
1200 100 0.9660039146827646
1150 309 0.9452770705094146
1300 100 0.9662605432912964
1200 792 0.9476359291555083
1250 542 0.9488065128291624
1150 133 0.9614655690477049
1100 133 0.9612327036398454
1250 60 0.9801229058184937
1100 60 0.9801055849329782
1150 372 0.9462981036326827
1200 449 0.9468054306487801
1200 493 0.9470565249619943
1200 542 0.948115748104379
1000 256 0.8658067332878745
1200 1153 0.9473950888536605
1200 212 0.8673441123327293
1250 281 0.9452833862966069
1300 281 0.9451325562135382
1350 176 0.9350670792672059
1150 871 0.9474247033641725
1300 493 0.9472035228639567
1250 121 0.966571432626269
1250 133 0.9667643448241731
1250 256 0.9452305250826376
1300 80 0.9805328811345622
1200 281 0.9453234785382755
1350 80 0.9806516057632206
1250 193 0.9299962699346555
1300 193 0.9457340274024922
1200 720 0.9474066505538531
1150 339 0.9462908266436534
1200 110 0.9662117529692624
1250 409 0.9464821834589032
1150 1053 0.9474040854710324
1250 146 0.9665237853165339
1050 176 0.9217747206748654
1100 50 0.980033632856361
1300 1253 0.9744438302028833
1250 655 0.9474147250274292
1300 90 0.9807410770540901
1300 655 0.9474041918485288
1250 80 0.9805805329914559
1400 121 0.9663670893002657
1250 40 0.9800562261009178
1300 212 0.9456728944443656
1300 871 0.9473984047951713
1250 871 0.9474071181656781
1300 449 0.9467127037446704
1250 309 0.9450221670298133
1350 90 0.9809903732799199
1150 100 0.9658207254724192
1300 110 0.9664983067356102
1200 958 0.9473988046849259
1300 720 0.947380567758117
1350 70 0.9805676646171353
1250 339 0.9464609266849817
1400 160 0.9473467321658787
1300 372 0.9460887846886619
1200 655 0.9474271318995032
1250 233 0.9455383982493443
1200 372 0.9462049569904817
1250 449 0.9467557728367799
1300 160 0.9357532233013477
1300 50 0.9801420945581405
1300 256 0.9453517577964105
1300 133 0.9667400130275499
1300 596 0.9474624639756049
1050 720 0.9474405117742634
1400 100 0.9661221338789737
1350 133 0.9670434370027529
1300 146 0.96666218201034
1350 40 0.9800693476307448
1200 409 0.9465755427708167
1300 792 0.9474907547798493
1350 493 0.9487780670739325
1300 60 0.9801675360306927
1300 542 0.9486004965987348
1350 100 0.9662771932789819
1300 176 0.9299816969696285
1150 792 0.9477545106697752
1350 121 0.96673843882034
1300 339 0.9463794125685374
1350 655 0.947392286837945
1300 40 0.9801718609855288
1250 100 0.9662385773968886
1350 193 0.945752142702955
1250 372 0.9461375671714733
1350 50 0.9802422029502602
1350 110 0.9665312027860501
1300 121 0.9666710306316237
1250 958 0.9473907970092327
1400 256 0.945387117558023
1300 70 0.9804021250627047
1150 542 0.9483252012382238
1200 1053 0.9473962053438117
1300 233 0.9455029574763186
1350 146 0.9667970683241645
1400 212 0.9466899363369701
1350 596 0.9474436846475411
1250 90 0.9807402721018267
1250 720 0.9473959478205615
1350 871 0.947388865833714
1350 212 0.9462935318492613
1300 1153 0.9473784278367879
1300 309 0.9463954000696952
1400 233 0.9458357355801728
1400 50 0.9808420930673544
1250 596 0.9474773619517688
1350 281 0.945025374460883
1500 40 0.9809137235962389
1250 176 0.9350036925910963
1200 90 0.9805423992763207
1250 1053 0.9473882700742998
1350 792 0.9474812215968538
1400 309 0.9462286814085026
1350 958 0.9473718598163828
1400 40 0.9806460995456051
1350 720 0.947370348439967
1450 871 0.9473651674501952
1350 256 0.9453010980056549
1400 80 0.9807647219918154
1400 90 0.9808988636772705
1400 176 0.9357919431183915
1250 493 0.947030937978459
1500 90 0.9814601722046397
1500 70 0.9812476720900368
1500 110 0.96689522361825
1500 50 0.9812785232008339
1450 256 0.9455686952070667
1350 60 0.9802827110500427
1500 100 0.98154981299089
1400 372 0.9464994165414827
1400 60 0.9806238734067101
1400 110 0.9662166932526564
1350 233 0.9457719428549174
1350 339 0.9462960850347201
1500 121 0.9592931836245868
1500 133 0.9589232086944925
1400 958 0.9473615050927684
1400 792 0.9474704761960443
1350 1053 0.947370198355382
1400 133 0.9665381128988805
1350 1153 0.9473690184508421
1500 146 0.9474724888019338
1400 193 0.946217198486122
1400 871 0.9473776901788756
1300 409 0.9464490559306932
1350 409 0.9467894548747844
1500 212 0.9464273533753256
1400 1153 0.947358774291776
1350 160 0.9469652036255868
1500 233 0.9464549836242508
1350 309 0.9462970463420437
1500 176 0.9474468944556366
1450 80 0.9812200918974164
1300 958 0.9473813833627456
1350 449 0.9467743073315239
1500 193 0.946466109280088
1450 40 0.9807960051355726
1450 90 0.980815122306
1400 655 0.9473746547628408
1500 160 0.9473697828288353
1500 339 0.9464970469179936
1500 309 0.9460790525811913
1500 256 0.947039653031694
1500 409 0.9467431289635665
1500 281 0.9464612603067224
1500 493 0.9489356386457184
1300 1053 0.9473796041502222
1400 449 0.9467446602548948
1400 70 0.9807215903530915
1500 372 0.9468015302476874
1500 596 0.947394773150928
1450 655 0.9473600027789059
1500 542 0.9476013136424346
1400 720 0.9499006033963783
1400 281 0.9464268759015325
1400 146 0.9667149599587191
1500 655 0.9473445333498186
1500 720 0.9495656998671697
1450 309 0.9461372259223371
1400 596 0.9474287394889652
1550 100 0.9548314798450144
1500 449 0.9473068543893439
1400 493 0.9485329121627184
1500 792 0.9474465654913616
1500 1253 0.9744340815908684
1500 871 0.9473530646161687
1500 1153 0.9473352152931821
1450 212 0.9465525735898088
1500 1353 0.9170341391317292
1500 1053 0.9473357884012268
1550 70 0.9813913153270925
1550 40 0.9812554648500821
1550 80 0.9664821394056485
1550 110 0.9577191549783196
1550 133 0.9592170283869257
1500 1453 0.852474341879539
1450 233 0.9462634549448136
1550 256 0.9467497687779204
1400 542 0.9481443435674937
1550 90 0.9547317441371488
1550 193 0.9465474017343984
1550 372 0.9467449916631263
1550 60 0.9814442870953815
1550 281 0.9466850361307433
1550 212 0.946622463208278
1450 50 0.9811168541853755
1550 176 0.9474943358418811
1550 233 0.9594701463948783
1550 50 0.9811612334085605
1350 372 0.9464108257042465
1550 146 0.9598511262691896
1450 1153 0.9473473587686532
1350 542 0.9483965660225513
1450 60 0.9812209880484088
1500 958 0.9473374173612551
1400 339 0.9462303663839016
1400 1353 0.9170376090811662
1550 121 0.9583065148633269
1450 281 0.9462823675538614
1550 409 0.9467089907995787
1400 1053 0.9473596748864552
1550 160 0.9474176584210253
1450 372 0.9464639160578416
1600 60 0.9813550797530445
1550 871 0.947339616902044
1600 40 0.981271465302411
1450 70 0.9813107754367087
1600 110 0.9549641045417586
1550 542 0.9474892615189804
1550 493 0.9486892211941408
1550 309 0.9461283216543269
1450 193 0.9464388669026977
1550 1053 0.9473224777608811
1450 100 0.9809918382709601
1550 655 0.9473268151270721
1450 596 0.9474096288741269
1400 1253 0.9744393692179507
1450 146 0.9580038140438829
1550 1453 0.8524742334263813
1550 1153 0.9473219944841877
1550 720 0.9493829321679504
1450 160 0.9580106592153074
1550 1353 0.9170321700053371
1550 596 0.9473799783161837
1600 193 0.9353841713941933
1600 372 0.946691679198086
1600 80 0.9545443389501675
1600 50 0.9813109668808776
1600 309 0.9467011090916231
1600 160 0.9578174585582012
1600 90 0.9547449723213753
1550 792 0.947432596530969
1450 1253 0.9744368376988827
1600 70 0.9549221527933406
1600 339 0.946786750293537
1600 121 0.9579223602592091
1400 409 0.9467351491087566
1350 1253 0.974441694449313
1600 256 0.9469504862450285
1600 449 0.9473900541897066
1450 110 0.9664636497210941
1550 958 0.9473234840522965
1450 176 0.9471607482574049
1450 133 0.9666237291788544
1600 176 0.9576764022117412
1600 281 0.9466734211350863
1450 409 0.9466845583617198
1650 60 0.954603325542376
1550 1253 0.9744310809690357
1600 493 0.9483861809699022
1600 233 0.9595846338852291
1600 542 0.9474697407383093
1450 493 0.9491839958446681
1450 121 0.9664301207880103
1650 133 0.9597436185813636
1600 409 0.9466766971564755
1600 133 0.965000666744601
1650 70 0.954666808593867
1600 655 0.9473092229453091
1450 542 0.9478941924550063
1650 90 0.9545151837286349
1650 121 0.9590174411314946
1600 871 0.9473252228229286
1650 80 0.9547435927922199
1600 792 0.9474182011503074
1650 50 0.966381898980084
1600 146 0.9599006826844619
1600 720 0.9491821794764465
1450 339 0.9461828392657519
1600 1153 0.9473076007637997
1650 146 0.9657000211221474
1650 40 0.9813170309571405
1650 100 0.9546267536765364
1600 1453 0.8524741153515777
1650 281 0.9468643711058776
1650 176 0.9472058142996731
1650 160 0.9473939959277233
1650 256 0.958547658996177
1600 1353 0.9170300261838276
1600 958 0.947309097163115
1600 1553 0.8424756736899676
1650 339 0.9467899506700075
1600 1053 0.9473079489356694
1450 1353 0.9170359477985098
1650 309 0.9467123572235189
1650 193 0.9580922625985789
1650 212 0.9434919172595668
1450 720 0.9497377527443023
1650 372 0.9467620728761054
1700 60 0.9546432488180349
1650 493 0.9480807848699
1650 409 0.9472626203368437
1700 90 0.9546774624223584
1600 100 0.9548708542807219
1650 449 0.9474337033683864
1650 871 0.9473088363701982
1550 449 0.9474149396282691
1600 1253 0.9744278141408358
1500 80 0.9813692046488931
1650 596 0.9473398711448551
1650 792 0.9474027900295179
1500 60 0.9811849254442845
1650 1453 0.8524739868015239
1700 50 0.9545953425842207
1700 100 0.9547768559092874
1650 958 0.9472934065047007
1650 542 0.9474481409182237
1650 110 0.9552852293344597
1600 212 0.9466319083572753
1650 1553 0.8424755528790371
1700 121 0.9582141171392891
1450 449 0.9469104618731562
1700 70 0.9544187210465994
1650 1153 0.9472919300747603
1700 40 0.9543292540138513
1700 133 0.959912486889469
1450 792 0.9474593447057008
1650 1353 0.917027692168762
1700 212 0.9435365268782857
1700 110 0.9549471198073742
1650 1253 0.9744242574892205
1650 1053 0.947292197281251
1700 146 0.9655154305302854
1700 193 0.9470953940953125
1700 233 0.9591010263995877
1700 80 0.9545914425990226
1450 1053 0.9473479296499214
1600 596 0.9473631997595787
1650 233 0.9585831541353075
1700 449 0.9474122593051583
1700 281 0.9473919041330875
1700 372 0.9467256150689362
1700 596 0.9473192921682495
1650 720 0.9489836234045538
1650 655 0.9474551659823054
1700 1353 0.9170251510867264
1700 176 0.9470155191096916
1700 1453 0.8524738468468863
300 80 0.9667220420503531
1700 309 0.9473165458907854
300 110 0.9667220108356883
1750 80 0.9546442570109435
1700 1653 0.8424962734244305
1750 309 0.9474857446326018
1700 409 0.9473731568855339
450 90 0.9666618959335634
1700 1553 0.842475421350115
1750 70 0.9545661197220187
1700 339 0.9469159442583056
1750 281 0.9471708979021122
900 372 0.9453155156158265
1750 542 0.9474070607746334
1700 871 0.9472917395289792
1700 655 0.9474369927634136
1750 792 0.9473658915121446
1700 1053 0.9472751377733583
1700 160 0.9666264638753609
1750 1653 0.8424962517130118
1700 542 0.9474267538581144
1750 871 0.9472731394170568
1750 60 0.9543974468572366
1750 50 0.954614785853976
1750 176 0.9469275559117211
1700 958 0.9472763535075935
1750 1253 0.9744159760263672
1550 339 0.9464268449873772
1750 40 0.9545763089667688
1750 90 0.9547470101034485
1700 1253 0.9744203853019067
1750 100 0.9543466220170299
1750 256 0.9718311370722604
1750 1153 0.947256294584414
1750 212 0.9433600099602774
1700 1153 0.9472748691281561
1700 256 0.9586766254706264
1850 176 0.9664009326261811
1750 133 0.9653928811252784
1750 493 0.947493700666122
1750 339 0.9471428391520134
1800 281 0.9669127418094369
1750 655 0.9474175941596787
1750 1053 0.9472565647959659
1800 121 0.9574609531584964
1750 1553 0.8424752781523328
1750 372 0.946715473979395
1800 1453 0.8524730954268984
1850 449 0.9473260221079556
1750 449 0.9473858065041645
1750 596 0.9472980635128037
1750 409 0.9473449427171227
1800 146 0.9660593982228061
1750 958 0.9472577876186047
1850 121 0.9579153943711499
1850 1353 0.9170150590067095
1850 958 0.9472146509901863
1900 60 0.9521653899028019
1800 212 0.9665607175352672
1800 372 0.9473733124974022
1850 1053 0.9472140556648272
1750 193 0.9467933249792605
1750 146 0.9659663358826022
1850 655 0.9473740409031577
1900 90 0.9523824538099644
1800 1153 0.9472359767638237
1900 50 0.9543493559260844
1850 720 0.9479789349154386
1800 100 0.9522178520329089
1800 40 0.9543099154269289
1750 1353 0.9170213635807983
1750 1453 0.8524732640303019
1900 193 0.9448152931786594
1800 193 0.9469772667476777
1800 409 0.9473883262352316
1800 133 0.9653634843989585
1800 339 0.9471530573215353
1800 233 0.9706326652983416
1700 493 0.9477270263025167
1700 720 0.9487622988654097
1800 493 0.9474689489270932
1900 212 0.966005478086546
1900 281 0.9666558384684375
1800 1053 0.9472363440784992
1900 655 0.9473507587238279
1850 50 0.9546131775222573
1800 60 0.9545678907614823
1800 1353 0.9170183451853491
1900 871 0.9472056761359536
1800 70 0.9546374509409405
1750 233 0.9591866083162895
1850 256 0.9723942344568233
1850 110 0.9524207319601059
1750 110 0.952448847321263
1900 958 0.9471906856497465
1850 60 0.9546951733920286
1950 90 0.9524546957590176
1900 1653 0.8424961743230177
1900 720 0.9476775808059549
1800 958 0.9472372802200428
1800 449 0.9473587644783622
1800 256 0.959908513961393
1800 792 0.9473463607767392
1800 90 0.9520574223136157
1850 281 0.970149069718035
1850 1453 0.8524729118654955
1800 160 0.9670101800426244
1950 133 0.9522931249505104
1850 409 0.9473627943001791
1850 90 0.9522052307504143
1900 1153 0.9471899891706842
1950 193 0.9442118811159204
1850 146 0.9656690306355088
1900 1353 0.9170114812879404
1800 1553 0.8424751222504635
1900 542 0.9473296058217215
1900 1053 0.947190085929003
1950 281 0.967050700649436
1950 160 0.9523293824463978
1850 339 0.9473040544314122
1900 409 0.9472383853510233
1950 176 0.9662533086501479
1750 160 0.9669840299198502
1800 655 0.9473968100945075
1800 80 0.9547943745038009
1950 100 0.9522209605425375
1950 80 0.9524800065236624
1950 40 0.9520728557037234
1950 372 0.9519890062341867
1950 212 0.9659349713544885
1950 493 0.9473876571583337
1800 542 0.9473860664812248
1800 1653 0.84249622807542
1950 309 0.9661960292910996
1700 792 0.9473853382205432
1750 720 0.9485292326161906
1950 233 0.9662627508159032
1450 958 0.9473501810627749
1850 70 0.9520239828927188
1850 40 0.9544330994499729
1950 339 0.9663525128889894
1800 50 0.9543718123782264
1950 1453 0.8524720126801497
1850 493 0.9474416222732357
1750 121 0.9551341828205098
1800 596 0.947271387604919
1800 871 0.9472528359809226
1950 409 0.9472779134868153
1850 309 0.9473648869523443
1950 655 0.9473250167875502
2000 80 0.9524600636167732
1950 871 0.9471797042742801
1950 542 0.9473014636688818
2000 281 0.9707573844382907
1800 720 0.948266187248369
1850 212 0.9665965459153917
1950 792 0.9472761342100031
1850 133 0.965569677411933
1950 1353 0.9170064434573427
1850 80 0.9520715917603787
1950 1253 0.9743948041034062
1950 958 0.9471644800425209
2000 146 0.9522417047801541
1950 1653 0.8424961438196124
1800 176 0.9471737719302674
1900 146 0.9521237276206469
1850 1253 0.9744063868444086
1950 1053 0.9471639896685268
1850 542 0.9473626884671842
2000 596 0.9471652007198718
2000 133 0.9524189132051486
2000 372 0.9523038206021635
1800 110 0.9523662571936635
2000 542 0.9472695121613592
1800 309 0.9473209870865952
1850 871 0.9472302782439194
2050 40 0.9523364644069944
2000 70 0.9524747192946541
1950 60 0.9522294705603562
1850 596 0.9472487549337592
2000 233 0.9670753535197504
2050 70 0.9522151573565947
1850 1553 0.8424749525174374
1850 372 0.9474006663328743
1800 1253 0.9744113850829065
2000 1553 0.8424743475068608
2000 1453 0.8524717716522447
2050 60 0.9524796014438046
2000 493 0.9473593964261412
2050 121 0.9517829827034848
1900 80 0.9523366978598139
2000 449 0.9472325169836874
2050 133 0.9518437695018196
2050 160 0.9485122259696833
1850 160 0.965887514454794
1850 1653 0.84249620234077
1950 1153 0.947163892138148
2050 50 0.9523634907995613
1850 792 0.9473250673924426
2050 110 0.9523792810912692
2050 90 0.9523703816261788
2050 655 0.9472670106896038
2000 655 0.9472975871881119
2050 339 0.9685323137527095
2050 193 0.9747443442315111
2050 176 0.9672739987954491
1850 100 0.9524063435081214
1900 40 0.954648580328705
1900 121 0.9523486532140848
1900 233 0.9702006563778152
2000 1253 0.9743883522021385
2050 1453 0.8524715092410516
1900 100 0.9523772648018201
1900 1253 0.9744009451768527
2050 80 0.9522988113950646
1900 339 0.9659523014108091
2050 596 0.9471327122899865
2050 542 0.9472362414632459
2050 1353 0.9169975653060217
2050 449 0.9472136118600487
2050 1553 0.8424741090408551
2000 1153 0.9471353728353401
2100 176 0.9509530167598342
1950 121 0.9522409008973709
2000 50 0.9523063697128169
2050 409 0.9488495924520244
1900 160 0.9522882515112027
2100 80 0.9523647167886858
2050 1053 0.9471046462002255
2100 90 0.9524133520502491
2100 133 0.9517916226748057
2100 160 0.9510651994025422
2100 100 0.9518232836323804
1850 193 0.9469904227551407
1900 70 0.9522976023400014
1900 1453 0.8524727120190636
1900 372 0.951795905652316
2100 60 0.9522558494388667
2100 256 0.967652300330756
2050 1253 0.9743813279071153
2050 1153 0.9471044389005004
2100 146 0.9518917105751389
1950 146 0.9524580618128744
2050 372 0.9663270184185189
2050 309 0.9695532571892332
2100 212 0.974723944201766
2100 50 0.9524891498908608
2100 596 0.9470980710866461
2100 409 0.9489678314606078
2100 193 0.9659283381383359
2100 40 0.9523352658697056
2000 958 0.9471358736046952
1900 133 0.9521297558292665
2100 281 0.969260046680791
700 50 0.9663955082411243
1900 176 0.9562120527055088
2100 1053 0.9470709699776326
1850 233 0.9722444856968131
2100 720 0.9474027209582326
1900 449 0.9472987275554896
2100 121 0.9518217222393917
2100 493 0.947286064798948
2100 792 0.9471851382676076
2150 50 0.9522453962989897
2100 958 0.9470712558171934
2100 110 0.9518319724969333
2100 309 0.9698288012506823
1950 70 0.9523616837497697
2100 1453 0.8524712235495069
2100 233 0.9666001939015086
1900 493 0.9474140282333918
1950 256 0.9718784636229114
2100 542 0.9472023605709478
2000 339 0.9666624152054623
2100 372 0.9668126476580314
1850 1153 0.9472139596156551
2150 100 0.9518369478591314
2100 1653 0.8424960350907263
1900 110 0.9524105348194053
2000 100 0.9523194102409408
2100 655 0.9472336471378908
1900 309 0.9653521555034389
2150 110 0.9517778125134311
1950 110 0.952312715880564
2150 176 0.955576530980195
1900 792 0.9473015586084467
1900 596 0.9472231298573456
2150 121 0.9483755015796239
2150 160 0.9507682635178951
2000 212 0.9661488939549403
2150 146 0.9500058140885916
2150 70 0.952358691293483
2000 160 0.9522940100076683
1950 50 0.9521687761942843
2150 90 0.9518284570847011
2150 40 0.9521973941748807
2100 1153 0.9470707605977003
200 80 0.9667227969116952
2000 40 0.9522593796701453
2150 193 0.9653654695224444
2150 281 0.9684043345933275
2050 100 0.9523631105946696
2150 256 0.9688269889218606
2150 309 0.9725671694202058
2150 449 0.9473167612517798
2150 596 0.9470611414822037
2150 60 0.9523109794600356
2150 372 0.9663505743938532
2000 121 0.9523684535466562
2150 233 0.9665067534832374
2150 655 0.9471981899197828
2150 542 0.9471649762855986
1900 256 0.9713400652679511
1950 449 0.947269000493838
2000 90 0.9522605105828578
2100 871 0.9470870986832833
2000 176 0.9674204246327366
1950 596 0.9471948209685541
2000 1353 0.9170021929288902
2000 193 0.9707643728299383
2000 256 0.970448865068894
2150 871 0.9470502964440337
1950 720 0.9474892176982787
2050 233 0.9657651724003344
2000 60 0.9524120313571907
2150 958 0.9470345950306975
2000 110 0.9523683444372609
1900 1553 0.8424747677261955
1950 1553 0.8424745665408164
2000 409 0.947913638715732
2000 1053 0.9471355782243691
2100 1253 0.9743736804372424
2000 309 0.9692548323029407
2150 1353 0.9169870419901898
2150 1653 0.8424959922350407
2000 720 0.9474625785706552
2000 792 0.9472478920929606
2000 871 0.9471513995064493
2050 212 0.9671127273741421
2200 176 0.9524612106772232
2150 1053 0.9470343060993538
2150 339 0.9698704530453136
2150 80 0.9518116696810159
2150 493 0.9472484442384809
2050 146 0.9490479332495034
2200 50 0.952314763667989
2200 60 0.952367279168983
2200 100 0.9477862547847846
2150 720 0.9473696141485595
2200 110 0.9474419702316306
2100 70 0.9523144952121224
2200 720 0.947333224118567
2200 233 0.9661720981499833
2050 871 0.9471206146652703
2100 339 0.9693557398080198
2000 1653 0.8424961106100345
2050 281 0.9724837705417095
2200 146 0.9506229255124407
2200 449 0.9473740734068665
2150 792 0.9471497093210499
2250 90 0.9477650919336134
2050 256 0.96623173214506
2200 281 0.9681548904068329
2150 409 0.9651282550552667
2050 958 0.9471049291999459
2050 1653 0.8424960744542
2200 40 0.9522673029963087
2100 1353 0.9169925271340261
2150 1153 0.9470340944546644
2150 1553 0.8424735667639311
2200 655 0.9471598652778308
2250 70 0.9517454327126564
2100 1553 0.8424738494188447
2250 80 0.947379521068168
2200 596 0.9470205969438904
2250 110 0.9481383493272888
2100 449 0.9471306089959866
2200 90 0.9517473085840281
2250 193 0.9558536122118996
2250 212 0.95605366773683
2250 133 0.9503287237675503
2200 212 0.956266636797448
2200 256 0.9684514188867958
2200 1253 0.9743562899231336
2050 493 0.9473280806445149
2250 176 0.950843581664336
2250 372 0.9689351470373165
2200 80 0.9517858275356201
2250 40 0.9523186276505318
2200 193 0.9553543231952343
2200 160 0.9507732284874183
2200 493 0.9472196265080267
2150 133 0.9478032719817908
2200 309 0.969371741891421
2200 871 0.9470099031495375
2250 596 0.9469769349109215
2300 40 0.9517899227403618
2300 60 0.9473932977106566
2300 449 0.9486745503857635
2250 1553 0.8424729240004626
2250 958 0.9469509316365483
2300 256 0.9683026174125721
2250 60 0.951822021040912
2200 121 0.9475047377606868
2200 339 0.9691914878361164
2300 339 0.9685352897159096
2200 1353 0.9169810702204819
2250 1153 0.9469507148417512
2350 80 0.9474081210723556
2200 1153 0.9469941753989709
2250 100 0.9474324643260399
2300 542 0.9470344154618828
2200 542 0.9471246680177815
2300 160 0.9506338745526712
2300 1653 0.8424958394766543
2300 193 0.95231214117717
2200 1553 0.8424732590327028
2200 1653 0.8424959455773243
2200 409 0.9662513183820026
2250 256 0.9682098724717655
2350 193 0.9506985273943268
2250 50 0.9517745641038472
2300 1153 0.9469033985913781
2300 309 0.9689722077006997
2300 1553 0.8424725592451449
2300 409 0.965311300234688
2300 90 0.947803528245131
2350 133 0.9505831113971082
2200 1453 0.8524705738806722
2350 256 0.967563558857175
2300 372 0.9688106025102905
2250 1653 0.842495894780272
2200 958 0.9469945783907657
2350 160 0.9506400489145536
2200 1053 0.9469942869613267
2350 121 0.9505049867391212
2250 493 0.947223275091316
2350 542 0.9469899226034824
2350 212 0.9508565564829925
2300 720 0.947250239289104
2300 792 0.9470218870588833
2350 309 0.9689016746849487
2300 1053 0.94690351307527
2350 70 0.9476152997392422
2350 596 0.946875946907375
2350 339 0.9688156438071751
2350 792 0.9469720577863209
2350 1153 0.9468511041388878
2400 40 0.9472435791458621
2250 449 0.9486286003964177
2300 233 0.9673107997561586
2250 409 0.9657877712684365
2300 212 0.9559365927432723
2350 958 0.9468521074813085
2350 372 0.9692957578167454
2250 542 0.9470819891760729
2350 1653 0.8424957792666617
2400 50 0.9473641304264596
2300 1253 0.9743355956113736
2350 409 0.9676248671321375
2400 121 0.9504505278222942
2400 146 0.9505101878064215
2250 160 0.9506832014412359
2250 309 0.9683517114313392
2350 1253 0.9743238969385118
2200 372 0.9685626678767606
2400 133 0.9505515085031486
2400 233 0.9512403330023954
2250 339 0.9705812463943291
2250 146 0.9507541874055361
2400 110 0.9505115017261362
2400 256 0.9670897693810505
2400 372 0.9704527594476554
2400 160 0.9504556974310752
2250 281 0.9694319202494326
2400 542 0.9469492566570403
2250 233 0.9673314048099442
2300 281 0.9678846322076159
2300 121 0.9505030513055559
2400 193 0.9502035276378703
2400 176 0.9502266214491352
2250 871 0.9469666397809995
2350 1553 0.8424721621298049
2450 160 0.9501217536108644
2400 720 0.9471527785479678
2450 40 0.9472216840717462
2400 309 0.967787028809344
2200 792 0.9471103103527272
2400 792 0.9469178412999222
2400 493 0.947280504604135
2350 146 0.9505259892112455
2450 60 0.9476114236022997
2450 133 0.9504158113305641
2400 1353 0.9169509523992754
2300 80 0.9474011823707224
2450 90 0.9504641749086489
2300 100 0.9474709413687292
2450 146 0.9501689678951134
2450 110 0.9505060615781162
2450 233 0.9512299352238478
2300 146 0.9505585155605519
2450 50 0.9481972867316324
2450 256 0.9513123555618228
2400 596 0.9468212351000572
2400 1653 0.8424957137150157
2250 1453 0.8524702052066981
2300 596 0.9469280025388025
2450 121 0.950452302000083
2300 70 0.9474002348253099
2250 1253 0.9743464211567658
2450 309 0.967830501505261
2300 110 0.9474780907941611
2450 409 0.9686220319231531
2400 871 0.9468120652627338
2250 655 0.9471173939412812
2350 60 0.9472240638268826
2450 372 0.9683455666105044
2400 1053 0.9467958004009505
2500 110 0.9503457953428994
2450 596 0.9467603694432632
2350 176 0.9505787484668613
2300 50 0.9517503933586218
2450 792 0.9468584747523449
2250 1053 0.9469508278028298
2300 133 0.9506302536016376
2450 720 0.9470976668432722
2450 339 0.9674521036123669
2450 655 0.9469094704449406
2350 1053 0.9468520007238692
2500 160 0.9498580245325245
2300 958 0.9469036183087571
2450 493 0.9474605049916024
2300 176 0.9506977798632321
2250 792 0.9470676271917118
2350 493 0.947149552839158
2450 542 0.9469412874845422
2350 100 0.9477513497688109
2450 1553 0.8424709715218748
2500 121 0.9501165846486039
2300 493 0.947299105994281
2450 1353 0.9169416009900951
2500 193 0.9500180038121631
2350 449 0.9493799464646855
2250 121 0.9474655396797725
2500 212 0.9506203848165052
2350 871 0.946867916800721
2400 80 0.9473325291805903
2350 40 0.9517121912872516
2350 281 0.9681085756195027
2400 70 0.947420171857377
2350 110 0.9505734976552656
2450 958 0.9467349707306755
2450 871 0.9467512764500826
2350 233 0.9667763639616702
2450 1153 0.9467339348183171
2500 1553 0.8424704539324784
2500 720 0.9470367612650228
2500 542 0.94701701476598
2500 70 0.9472933563191284
2500 596 0.9466940654143585
2500 309 0.9670606373160703
2400 1453 0.852468704929338
2500 40 0.9472581236796601
2400 60 0.9473821849095784
2350 655 0.9470215496298588
2500 409 0.9682951451137023
2500 281 0.9667505524015186
2500 60 0.9472290286526472
2500 90 0.9504516967334314
2500 1253 0.974282156746377
2500 50 0.9473830429307754
2450 281 0.966629563218372
2400 100 0.9504477680269123
2550 60 0.9487313860284384
2450 1053 0.9467347405958001
2250 720 0.9472937830651234
2500 655 0.9468458608902368
2500 792 0.9467934803181375
2450 449 0.9654787979684146
2500 1153 0.9466674237696823
2500 1453 0.8524675265842017
2300 1453 0.852469623141586
2400 90 0.947399848738369
2400 212 0.95112457838112
2350 50 0.9472226083167326
2550 100 0.9500305981874995
2400 449 0.9496922502128755
2400 958 0.9467960267643457
2550 121 0.9497137780962479
2300 1353 0.9169670617168473
2550 110 0.9499947454158691
2350 720 0.9472036089228536
2450 100 0.9504005280467509
2250 1353 0.9169745686528824
2500 1653 0.8424952719629001
2550 90 0.9502637860012232
2400 409 0.9680416115679312
2450 70 0.947430845044535
2300 871 0.9469194150676167
2400 1253 0.9743111603937094
2550 70 0.9502167775615233
2400 339 0.9680971093072313
2300 655 0.9470706416067546
2450 212 0.9509906346017721
2400 1153 0.946795007828651
2450 80 0.947278390541085
2350 1453 0.8524691835357331
2500 100 0.9503916897836865
2550 40 0.9472450828267024
2500 176 0.950037599392999
2450 193 0.9501597464646927
2550 449 0.9674931586519261
2400 281 0.9673175098690546
2350 90 0.948539152256134
2550 50 0.9470812928421799
2550 958 0.9465961279718819
2550 309 0.9663113283302716
2200 133 0.9473397458471458
2550 1653 0.8424951817888469
2350 1353 0.9169593491751015
2550 176 0.9497104219026028
2550 1053 0.9465958892605781
2550 1453 0.8524669072448307
2400 655 0.9469680685628495
2500 80 0.9503492335945037
2600 90 0.9494423828151802
2500 1053 0.9466682637438436
2600 193 0.950354674657816
2500 133 0.9500700220360793
2550 160 0.9497762042684893
2450 1253 0.9742972541438003
2550 792 0.946723495573283
2600 80 0.9497132217726539
2400 1553 0.8424717297835573
2600 60 0.9502600514393466
2450 1653 0.8424953547888757
2500 1353 0.9169316445120086
2450 176 0.9500856885846994
2550 80 0.9503097574758074
2550 233 0.9507326526243335
2600 40 0.9470848149924593
2600 409 0.967311232008544
2500 339 0.9677503322171217
2500 871 0.9466850946322849
2500 493 0.9474378017413838
2600 655 0.9467006727371967
2500 233 0.9509900774406883
2600 958 0.9465172208420707
2600 792 0.9466471860843978
2600 1553 0.8424692769228472
2200 70 0.9518130309769017
2600 596 0.94654955404018
2500 256 0.9510985058946105
2600 1353 0.9169090032626137
2500 449 0.9661554180894593
2600 1253 0.9742478249337313
2550 193 0.9504995551906745
2600 372 0.96671905792052
2500 958 0.9466684979847937
2500 372 0.9680398810109723
2550 409 0.9691553074799925
2600 50 0.9501517053056947
2450 1453 0.8524680954550222
2600 871 0.946534263203662
2600 542 0.947166449182915
2650 90 0.94840706513285
2650 146 0.9488249224048737
2650 121 0.9486264308026874
2600 1453 0.8524662329594874
2600 212 0.9503351602235253
2550 146 0.9495047407462426
2650 100 0.9481941598183733
2550 133 0.9494659671039786
2650 133 0.9485309886735532
2650 176 0.9502219017987069
2600 1653 0.842495083614816
2600 176 0.9503756061204653
2650 372 0.9671068646225508
2600 256 0.9505511628342405
2550 542 0.9468652539911651
2650 281 0.9509184275676892
2650 409 0.9670650877066693
2550 212 0.9504786373768371
2650 193 0.950199753722023
2650 60 0.9500546382762473
2650 50 0.9501194046345327
2550 720 0.9469706725968229
2650 160 0.9502400517541278
2650 792 0.946564054837538
2650 449 0.96770623950488
2550 256 0.9511490861071955
2550 281 0.9510802359863683
2600 493 0.9474636724802303
2650 339 0.9662271087590779
2550 372 0.9673869689120731
2650 1653 0.8424949767310733
2600 281 0.9508394363332334
2600 160 0.9492582676585046
2650 1353 0.9168961548097642
2700 50 0.9484668786881898
2600 1153 0.9465162204682792
2550 655 0.9467759493212187
2650 1453 0.8524654988535262
2650 1153 0.9464304156412178
2600 146 0.9489410467481669
2550 1553 0.8424698904240695
2550 339 0.9672888918324132
2650 871 0.9464488508741147
2700 90 0.9474880605886924
2700 100 0.9474409106413727
2700 80 0.9476391450300072
2650 958 0.946431437776852
2650 1553 0.8424686089935963
2550 493 0.9474806921790934
2700 176 0.9500696002273415
2700 70 0.9478983320954153
2550 596 0.9466264695198695
2550 871 0.9466129260600433
2700 160 0.9500902098397547
2700 133 0.9483935787780299
2650 40 0.9500153724473221
2700 542 0.9471356392132292
2700 281 0.9504488249658027
2700 309 0.9506576653890866
2550 1353 0.9169208047243917
2700 193 0.950055804498647
2550 1253 0.9742657199521393
2700 449 0.9676932747227206
2650 212 0.9501881153247781
2700 339 0.9655230520107263
2700 655 0.9465306085390804
2650 110 0.9479522846999975
2550 1153 0.9465950332559963
2700 212 0.9501612103943724
2700 1553 0.8424678818076211
2700 792 0.9464736278149496
2700 1153 0.9463369984615906
2700 1053 0.9463379116063426
2600 70 0.9501882300993824
2650 80 0.9486871445065539
2700 958 0.9463380442897152
2750 176 0.9497165803757018
2650 1053 0.9464313080993271
2750 110 0.947591243399697
2700 146 0.9501064214741566
2700 871 0.9463558610132302
2650 309 0.9509071500217829
2700 121 0.9480623598799605
2600 121 0.9486807657699359
2750 90 0.9472938070981352
2750 160 0.9497635078051653
2750 372 0.9660579095328501
2750 70 0.9473684057724704
2700 720 0.9467376785868075
2750 193 0.9500249898644554
2750 339 0.9410777179591411
2600 110 0.9489866696103596
2650 233 0.9501747381104827
2700 596 0.946527852146962
2750 100 0.9476771571524744
2650 256 0.9504464670089393
2750 309 0.9505566043927487
2750 542 0.9473287089130411
2750 146 0.9498265658904076
2600 233 0.9503223934069145
2600 100 0.9491942550930685
2650 1253 0.9742283423217813
2750 871 0.9462546213646554
2600 309 0.9659908896441153
2750 449 0.965614977575663
2750 281 0.9501679286290599
2650 493 0.9474582993940567
2700 110 0.9481642782584612
2750 1453 0.8524638294804807
2700 60 0.9481110705816516
2650 720 0.9468220180702744
2750 720 0.9466454711416624
2650 542 0.9471484676710369
2750 655 0.9464326713593703
2600 339 0.9671013417399994
2750 1153 0.9462352935838078
2750 958 0.9462363652063506
2750 133 0.9498790850089346
2750 1353 0.9168669371463714
2750 1053 0.9462353156617304
2800 110 0.9474703814328984
2800 90 0.9473876756517994
2750 80 0.9473291439813981
2600 720 0.9468995190234517
2800 493 0.9659827523039579
2800 50 0.9472645451231846
2750 212 0.9500095298048822
2800 160 0.949626534478332
2600 449 0.967326601115511
2650 655 0.9466186465058578
2700 256 0.9501436668194103
2800 100 0.9474842148829564
2800 121 0.9493719235920292
2800 133 0.9493188887290381
2800 339 0.9505099686473671
2700 493 0.9652358932282116
2700 372 0.9669215693564686
2750 792 0.9463752928458347
2800 80 0.9471307376636563
2800 871 0.9461444000314254
2800 449 0.966745938303201
2650 596 0.9464990693177714
2800 1553 0.8424662281707757
2800 596 0.94663322263234
2800 70 0.9471670008721247
2800 176 0.9495894624190337
2850 110 0.9488178375119919
2600 1053 0.9465170939254535
2700 1353 0.9168821664798661
2850 70 0.9469501571871204
2800 309 0.9501595974225748
2500 146 0.9500246953647014
2850 80 0.9472166730142976
2700 40 0.9498851552928093
2800 1253 0.9741588968721916
2700 233 0.950147956839071
2800 958 0.9461255259342295
2800 1053 0.9461245884040933
2750 121 0.9479240072107561
2850 121 0.9487699199846872
2750 493 0.9653732798156514
2850 60 0.9469806631344382
2850 50 0.9470327163535839
2850 256 0.9489232758346766
2800 792 0.946268233886706
2800 1153 0.9461245657475991
2600 133 0.9484709243505968
2800 1653 0.8424945957457318
2850 281 0.9489194777733659
2750 256 0.9499856659714186
2750 60 0.9474211772381467
2850 792 0.9461516769707599
2850 233 0.9489324215688065
2850 409 0.9659124398954079
2850 90 0.94731381170022
2700 1453 0.8524646996198375
2850 542 0.9448546013586275
2850 40 0.9470760526139776
2850 655 0.9460043676234802
2850 596 0.9467931294643005
2750 596 0.9465757285002642
2700 409 0.9665200895373742
2750 1653 0.8424947336750997
2750 40 0.9476218270460243
2850 1453 0.852461850764511
2850 1653 0.8424944455796751
2650 70 0.9489451122221857
2850 193 0.9489592787077679
2850 212 0.9489469621453488
2700 1253 0.9742071312696479
2750 409 0.966398963252726
2850 958 0.9460050013445088
2850 309 0.9500161078172537
2850 176 0.9490056196511782
2850 1353 0.9168323053082077
2900 80 0.9471310436043608
2700 1653 0.8424948603649186
2800 720 0.9465446640021011
2800 146 0.9492606478498882
2750 1553 0.8424670901078396
2800 40 0.9472925239731028
2800 409 0.9661598609036057
2750 1253 0.9741840384351873
2850 449 0.965769400951325
2800 60 0.9472065054614732
2750 50 0.9474602433640638
2800 193 0.9495523655480658
2900 339 0.9499881470550452
2900 309 0.9483280287516112
2800 233 0.9494972533380824
2900 449 0.9572828706986558
2800 256 0.9494854027801484
2800 542 0.9473469866837092
2800 281 0.949476241861292
2800 1353 0.9168503567110813
2900 146 0.9484783309942432
2800 655 0.9463262778798205
2850 146 0.9490805704453672
2800 212 0.9495123114180408
2900 596 0.9467875140703094
2850 160 0.9490493059792361
2800 1453 0.8524628821449122
2900 1053 0.9458727682211259
2900 655 0.9459414691968828
2900 958 0.945873784166723
2850 1053 0.9460040377489551
2750 233 0.950000930813748
2900 256 0.948338216857628
2850 339 0.9502991278685766
2850 133 0.9487202563613841
2900 212 0.9483561269257895
2800 372 0.9558252713801624
2850 100 0.9472967017640982
2850 493 0.9655361155965652
2850 1153 0.9460040144625601
2950 121 0.9478877231324868
2900 1453 0.8524602485393442
2950 80 0.9469126028116346
2900 1253 0.974101508837127
2850 720 0.9464357930804623
2900 70 0.9470308315496646
2850 871 0.9460244001848236
2950 133 0.9478595316227246
2950 146 0.9478192366198909
2900 121 0.9485662407782688
2850 1553 0.8424652897651835
2900 50 0.9468018959703016
2950 176 0.9477520961814998
2950 212 0.9477258644898096
2900 542 0.9484811218918665
2900 40 0.9468545032823349
2950 193 0.9477387185504108
2950 60 0.9468296089110914
2900 100 0.9482267400209268
2900 60 0.94706192131288
2850 1253 0.974131524823475
2950 233 0.9477150355518764
2900 372 0.9502114365059199
2950 409 0.9513984421398639
2950 50 0.9468598953859574
2900 233 0.9483479098769285
2950 256 0.947710797690768
2950 655 0.9459516962229426
2950 1153 0.9457297693165903
2950 1053 0.9457298781981363
2900 193 0.9483714750662039
2900 110 0.9481843613436892
2950 871 0.9457513779850628
2850 372 0.9399669361100849
2950 1353 0.916790083660258
2900 176 0.9483925547164451
2900 792 0.9460243927095836
2950 1453 0.852459011117679
2900 160 0.948434190753366
3000 339 0.9476623917591593
3000 100 0.9474196824903763
2950 1553 0.8424631558102994
3050 193 0.9471274292218287
3000 80 0.9473096734048758
3050 542 0.9479001013730856
3050 50 0.9464805058204601
3050 596 0.9468714962341325
2950 70 0.9469331834404301
3050 1353 0.9167413472589464
3050 1553 0.8424606264232227
3000 281 0.947348756433947
3050 720 0.9458942659947978
3050 1153 0.9454048267937882
3050 90 0.9471908871739043
2150 1253 0.9743653545062746
2950 281 0.9477023309919369
3100 542 0.9449124153445094
3100 1253 0.9739533870820706
3000 133 0.9473869577263085
2900 90 0.9471116781016514
3000 50 0.9467293721992828
2900 1653 0.8424942820913262
3000 309 0.9473479312989306
3000 256 0.9473493784216721
3000 1253 0.9740337280169971
3000 958 0.9455753934284178
2950 40 0.9465992751170066
3000 1053 0.9455743113914465
2950 90 0.9475818876454178
3050 60 0.9470899237843559
2950 792 0.9458862251854747
3050 70 0.9472253469646512
2900 493 0.9520570952536156
3000 1553 0.8424619448338981
2900 720 0.9463171286501905
2900 1353 0.9168115154683361
3000 70 0.9473231292087091
3000 110 0.9474069731050934
3000 90 0.9474378312278272
2900 1553 0.842464268107
3000 493 0.9570291682421632
3000 542 0.9487661643540938
3000 193 0.9473569124966436
2950 372 0.9501340130688138
2950 493 0.9512656834250197
3000 720 0.9460472407040761
2900 133 0.9485078669500783
2950 1253 0.9740690579029098
3000 449 0.9563851346192167
2900 1153 0.9458727682211259
2900 871 0.945893754303827
2950 958 0.9457309257858236
3000 409 0.9468847043535314
3000 1353 0.9167667504850335
3050 121 0.9471594256475357
2950 339 0.9493555879081337
3050 176 0.9471299143470739
3050 212 0.9471241959348143
3050 281 0.9471196756431355
3000 1153 0.9455741989293976
3050 256 0.947120356964883
3050 1453 0.8524561971936906
2950 100 0.9475379776676771
3050 233 0.9471232397877216
2900 281 0.9483305708050052
2950 596 0.9467536975638112
3050 449 0.9470784258291273
3050 1653 0.8424936993397978
3050 372 0.9479154846332285
3050 309 0.9471192606665881
2950 542 0.9593151590369009
3050 493 0.9554260150187388
3050 100 0.9471786271275879
3000 146 0.9473792473091004
3050 792 0.9455720292072926
3000 596 0.9466900429147785
2950 110 0.9479435524469836
3050 146 0.9471378101280495
3000 233 0.9473523156079758
2150 1453 0.8524709125122464
3050 1053 0.9454049431539918
3050 871 0.9454279196826536
3000 1453 0.8524576639155934
3100 50 0.9468239264866951
3000 655 0.9459448738641275
2950 309 0.9477002765846138
3100 90 0.9469172887684782
3000 212 0.9473535297689876
3100 212 0.9468619298922547
3100 121 0.9468909021789171
3100 60 0.9469618910675206
3100 146 0.9468731658906699
3050 655 0.9462634411248045
3100 493 0.9481689984974404
3050 160 0.9471335402779509
3100 720 0.9457481669323168
2950 449 0.9561023600686649
3100 1653 0.8424934696472359
3100 281 0.9468572399797665
3100 409 0.9471307319630013
3100 256 0.9468581248869404
3100 792 0.9453937293201788
3100 1453 0.8524546003485229
3100 309 0.9470181817892003
3100 372 0.9471626003284043
3100 176 0.9468658492022602
3150 60 0.946675668333375
3050 110 0.9471711319741233
3100 655 0.9461628547046146
3100 1553 0.8424591910470196
3150 133 0.9466035774606821
3000 60 0.9467135648074334
3150 176 0.9465930234207762
3150 100 0.9466262670059283
3100 110 0.9468963640796206
3100 339 0.9470176033267738
3150 121 0.9466067434302371
3150 80 0.9466476090767824
3100 1053 0.9452205490633181
3150 449 0.9385969010740165
3150 233 0.946756084588281
3000 40 0.9466357035965378
3100 1153 0.945220428459127
3150 372 0.9465833220925036
2950 720 0.9461878732667759
3150 720 0.9450501675216438
2900 409 0.9563814082509732
2950 1653 0.8424941040987707
3150 212 0.9465907378777326
3050 958 0.9454060626964859
3150 90 0.9466380607655418
3150 493 0.9462325693779772
3150 339 0.9467517662948925
3050 409 0.948389236467395
3100 80 0.9469304183483902
3150 110 0.9466160424071475
3150 70 0.9466568021154106
3150 1553 0.84245762832845
3100 133 0.9468762149914348
3000 372 0.9472023601428681
3000 121 0.9473989289106508
3150 1653 0.8424932195770238
3000 176 0.9473613186461679
3150 596 0.9485913616668641
3150 655 0.9460844889119486
3100 100 0.9469084677328057
3100 193 0.9468629386043713
3100 596 0.9473908641960047
3000 792 0.945735799843914
3200 160 0.9462991345395059
3000 871 0.9455965181873592
3200 90 0.946331993154149
3150 792 0.9451996111900878
3200 133 0.946305862297228
3100 1353 0.9167136903331559
3200 100 0.9463189215843832
3050 40 0.9465001418810977
3000 1653 0.8424939103152375
3000 160 0.9473652859578978
3200 176 0.9462972180510963
3150 1353 0.9166835797660354
3150 193 0.9465920038984411
3150 40 0.9467087875373444
3200 409 0.9466656802114927
3050 80 0.9472089156381727
3100 160 0.9468701074567776
3200 256 0.9464666188330175
3200 80 0.9463436458057706
3050 133 0.947151980186132
3150 146 0.9466004018003668
3050 339 0.9471171704367563
3100 40 0.946212837610598
3200 1153 0.9445972421545819
3100 449 0.9453892663352945
3150 309 0.9467526553206504
3200 146 0.9463019483284821
3200 792 0.9449762507332029
3100 958 0.9452216508289432
3200 281 0.9464644410417676
3150 409 0.9466044886837426
3200 1053 0.9445975059202347
3200 40 0.9463975229871922
3200 596 0.9448344976105921
3200 542 0.9460289928428154
3150 958 0.9450198244989048
3250 176 0.9461593378328674
3250 160 0.9459782180056479
3050 1253 0.9739952637672395
3150 1253 0.9739077952202305
3150 281 0.9467551658020849
3200 871 0.9446492203200063
3250 256 0.9461540595896274
3150 871 0.945044347921812
3150 1153 0.9450196708451106
3150 1453 0.8524528618359358
3250 493 0.9444193833270375
3150 542 0.945502992939641
3250 121 0.9459868454722202
3200 121 0.9463091655844731
3200 70 0.9463536866800112
3250 409 0.9458523513707378
3200 60 0.9463617800189705
3250 792 0.9445129292016435
3250 50 0.9460429264322348
3200 193 0.9462967431395374
3250 281 0.9461513383617997
3250 720 0.9449757763010105
3100 70 0.9469454662087524
3200 110 0.94631215041187
3250 1053 0.9441156613173062
3100 871 0.9452443636131608
3250 233 0.9461542607305994
2050 720 0.94743310095055
3250 309 0.9461504812220548
3200 1553 0.8424559269700728
3200 372 0.9464627504881258
3200 309 0.9464638162664877
3200 493 0.9453194826869245
3200 233 0.9464675745459149
3250 100 0.945992699676058
3250 1253 0.9738041183271229
3150 50 0.9466931912488781
3100 233 0.9468586143609524
3200 958 0.9445975658015587
3250 958 0.944115723717761
3200 449 0.9463988960562435
2150 212 0.9656418167821517
3250 1453 0.8524489084202086
3250 449 0.9461191070320717
3300 50 0.9456861409151859
3200 720 0.9450020707477584
3200 1653 0.8424929473213161
3300 212 0.9458161363727585
3200 1453 0.8524509690876118
3250 212 0.9461550555048402
3300 100 0.9456428457704683
3300 146 0.9456320131133221
3200 1353 0.9166507978777235
3200 1253 0.9738581585821428
3250 193 0.9461563861436474
3300 256 0.9458130024643461
3200 339 0.9464629822249295
3250 40 0.9460572285831733
3300 233 0.9458153716007125
3300 60 0.9456719196996237
3300 110 0.94564086966878
2950 160 0.9477807857005256
3250 871 0.9441695512854936
3300 70 0.9456666657660248
3250 60 0.9460341828461654
3200 655 0.9460473215185907
3150 1053 0.9450197960698034
3300 372 0.9458111633753322
3300 409 0.9456209889575151
3250 133 0.9459827668678896
3200 212 0.9464681031851221
3300 493 0.9399210050394193
3300 309 0.9458114154729843
3300 449 0.9446507749793076
3250 80 0.9460123225752775
3300 720 0.9452699977301744
3250 146 0.9459802152910415
3300 176 0.9458196423325351
3300 871 0.943647327421253
3300 655 0.9436683688109808
3250 90 0.9459989376351245
3300 792 0.9440057980109287
3250 70 0.9460209984470369
3300 40 0.9456965052159811
3350 233 0.9454454261952298
3350 256 0.9454424551714237
3350 160 0.9454501850919814
3300 121 0.9456366118240872
3250 655 0.9462530779746412
3250 542 0.9451480935972487
3300 1553 0.8424498559266796
3250 372 0.9461500285218808
3350 50 0.9452919664386314
3250 1553 0.8424540746721708
3250 1353 0.9166151076764396
3250 596 0.9443427010036052
3350 80 0.9452658116111573
3300 542 0.94481619140725
3200 50 0.9463765012958258
3250 110 0.9459887383868936
3300 1453 0.8524459879156726
3300 160 0.9458210479497964
3350 40 0.9453059236729816
3350 281 0.9454415193502932
3350 176 0.9454466408463625
3250 1153 0.9441153864553687
3350 100 0.9452588803974957
3350 871 0.9430787733876169
3350 493 0.9362355252802519
3300 339 0.9458111633753322
3350 133 0.9454524919969582
3350 339 0.9454410250943842
3350 655 0.9430229406166908
3350 372 0.9454405096348774
3350 309 0.9454410250943842
3350 596 0.9440685622257385
3350 1353 0.9165322679900847
3350 193 0.9454465135308355
3300 193 0.9458164112844978
3350 958 0.9430199361291672
3350 1153 0.9430193201307181
3350 1553 0.8424475595413908
800 60 0.966274730293304
800 70 0.9663663676760682
900 720 0.9474687762834624
600 121 0.9667187027893301
900 50 0.9663747118242418
700 160 0.9322475652858032
750 596 0.9467995871592275
900 121 0.9606993829666065
550 146 0.9666605659773189
850 212 0.9616559316493981
650 193 0.9611054196780522
3850 372 0.932815348743632
450 176 0.9666618588887465
450 80 0.9666618959335634
850 339 0.9453255884869524
850 70 0.9662231220650476
700 146 0.9668205617714574
750 449 0.9464340394279972
500 146 0.966719974700392
450 133 0.9666618588887465
600 309 0.859931424409419
550 372 0.867292585519493
800 133 0.9667649913753873
450 233 0.9609869734902532
350 70 0.9666629809051913
850 256 0.8599256716841273
250 50 0.9666639011268383
650 233 0.9614877087625388
750 339 0.8866821051779904
650 409 0.9453760577228288
600 80 0.9667281645490527
700 80 0.9665545991765647
550 133 0.9666605972988235
250 60 0.9666639011268383
650 493 0.9462614746424747
750 133 0.9667328140646464
800 50 0.9664175470464715
700 449 0.9450553422586826
550 309 0.8728749878571422
550 80 0.9666700721500361
200 133 0.9667227969116952
350 121 0.9666629496726288
500 309 0.9216961700095903
850 792 0.9484996843818913
750 40 0.9663953575554869
350 110 0.9666629496726288
750 50 0.9662627405546368
600 133 0.9667186970038201
3350 1053 0.9430196360340358
3400 60 0.9444271102828637
3400 40 0.9445237171592757
3300 80 0.945648700334718
3400 121 0.9450501391215581
3300 133 0.9456354035438806
3250 339 0.9461500285218808
3400 281 0.9450385211013331
3300 1053 0.9435910688746012
3400 90 0.9443839589225254
3350 449 0.945206493737853
3250 1653 0.8424926509118804
3300 1253 0.9737449792916595
3400 409 0.9450375850531721
3400 80 0.9443999183885595
300 146 0.9667220108356883
700 281 0.8599266905889327
300 133 0.9667220108356883
350 133 0.9666629496726288
250 110 0.9666638699286129
550 542 0.9462246941897925
600 90 0.9667277722201009
900 233 0.8599298231126591
700 100 0.9667303562786463
500 176 0.966719974700392
250 70 0.9666639011268383
400 281 0.9612915272508659
900 40 0.9800426160138809
500 40 0.9666028297741593
750 281 0.8599258650358879
700 40 0.9663174219883007
700 493 0.9463330591931253
950 60 0.9663420412046281
850 60 0.9664407787459769
850 281 0.8655917812925908
750 493 0.9462584575463965
750 176 0.9611859020041865
3400 133 0.9450489559520815
3400 655 0.9440071382036237
3400 193 0.9450429662765061
3400 309 0.9450381251064223
3350 70 0.9452686524968301
3400 542 0.9438897609594957
3400 70 0.9444160366753427
3350 146 0.9454513627085088
3400 792 0.9429273315958081
3400 596 0.9439467403650678
3400 1553 0.8424450594275352
3300 596 0.9443800495855388
3400 1353 0.916486131089861
3400 233 0.9450401402551689
3400 1053 0.9418643843181707
3300 1153 0.9435907819319497
3300 1653 0.8424901260887159
3400 1453 0.8524408214244183
3400 1653 0.8424891816060704
3300 958 0.9435910688746012
3450 50 0.9426145698547517
3400 1153 0.9418623254616532
3150 256 0.9467553513656226
3450 80 0.9425688552655692
3450 70 0.9425861251558652
3350 212 0.9454456458000079
3450 40 0.9426448791537688
3450 193 0.9433985148681694
3400 1253 0.973611159109335
3450 60 0.9425953225454033
3450 212 0.9433971401324326
3450 121 0.94342493408935
3450 100 0.9434350987944785
3300 90 0.9456455997567288
3450 339 0.9433752810358861
3450 110 0.943429959752239
3450 133 0.9434227082141137
3300 281 0.9458123227950725
3350 1453 0.8524435143919309
3150 160 0.9465966390529236
3450 449 0.9428055054337888
3400 871 0.9422498035951988
3450 146 0.9434070014458781
3400 146 0.9450477221486916
3350 110 0.9452566945625338
3450 372 0.9433752810358861
3450 233 0.9433852929390592
3450 1453 0.8524378895447274
3450 655 0.9431929867839111
3450 958 0.9373180787878216
3450 1153 0.937317751850923
3350 90 0.9452624512114345
3400 339 0.9450381251064223
3450 596 0.9438148931185993
3350 1653 0.8424896739055742
3400 50 0.9444602342987763
3400 176 0.9450438754087821
3450 1653 0.8424886456311987
3450 409 0.9433752810358861
3450 871 0.9373492287775644
3350 409 0.9454405096348774
3400 160 0.945044505549574
3350 121 0.9452539087706014
3300 1353 0.9165746452997042
3500 40 0.9398140162480435
3500 493 0.939284317626958
3450 1053 0.937317919514417
3500 133 0.9405358604996247
3500 90 0.9405829851553289
3450 90 0.9425613001379219
3500 160 0.9405252622837972
3500 596 0.9433948574628196
3500 121 0.9405585200272523
3450 281 0.9433801020042689
3350 60 0.9452797657800301
3500 70 0.939799526441651
3350 1253 0.9736809111684761
3500 233 0.9404865305124476
3500 339 0.940468122430386
3500 309 0.9404727915699732
3400 720 0.9449410886218779
3500 50 0.9398095764381892
3450 720 0.9451345435610636
3500 1453 0.8524346975572701
2050 792 0.9472178751386069
3350 542 0.9446315529816176
3500 1153 0.9369620249262804
3500 958 0.9369623686883861
3500 80 0.9397977919000654
3450 792 0.9423278042833741
3450 493 0.9402978210885804
3350 792 0.943474151713949
3500 1253 0.9734525413980215
3450 1253 0.9735352188521107
3500 792 0.9414401790304475
3550 80 0.9394088191848595
3400 493 0.9433461886072819
3550 146 0.9393991125785036
3400 256 0.9450393955197657
3400 100 0.9443745902187144
3350 720 0.9450545988589338
3500 1553 0.8424393741138299
3550 193 0.9393933243679562
3400 372 0.9450375850531721
3550 121 0.9394004433338075
3550 339 0.9393888708110663
3500 720 0.9450891346178794
3500 409 0.940468122430386
3550 1153 0.9365747389523376
3550 449 0.9393888708110663
3550 1453 0.8524312223860492
3550 372 0.9393888708110663
3550 1653 0.8424874268125931
3500 1653 0.8424880621062086
3550 1553 0.8424361478128514
3500 193 0.9405154129761394
3500 212 0.9404929692714602
3500 655 0.9428847378924948
3400 958 0.9418663401469866
3450 176 0.9434005123743877
3500 110 0.9405691871139276
3550 792 0.9429074670346733
3600 70 0.9386573944717238
3450 309 0.9433789286750316
3600 60 0.9386626917124811
3500 281 0.9404755468986641
3600 233 0.9386382030277332
3500 1053 0.9369622012182679
3450 542 0.94342079864931
3600 193 0.9386402011435497
3500 1353 0.9163812147675229
3600 80 0.938655459973841
3550 256 0.9393906296400302
3450 160 0.9434033538305422
3600 146 0.9386456667705082
3450 1553 0.8424423375109118
3500 256 0.9404789705523436
3550 596 0.9431027876909064
3550 70 0.9394140646131789
3450 1353 0.9164359010591829
3600 655 0.9430119869704968
3600 720 0.9367232340883971
3600 1553 0.8424326352839139
3550 309 0.9393897077093963
3550 50 0.9390973571727247
3600 1653 0.8424867351575915
3550 100 0.9394068068015101
3600 1453 0.8524274389078309
3550 90 0.9394071540614548
3600 1053 0.9361532900161844
3550 493 0.9388291192152247
3500 60 0.9398063906857713
3550 133 0.9393991125785036
3550 60 0.9390938081840526
3550 110 0.9394050737068328
3600 1153 0.9361530941028131
3650 40 0.9378465219022866
3600 256 0.9386377513850385
3550 160 0.9393977037346782
3550 281 0.9393902015755348
3600 339 0.9386363473208111
3500 871 0.9369959117183659
3550 233 0.9393910040476504
3500 100 0.9405738883127195
3600 50 0.9383236973832912
3550 871 0.9366104314650295
3650 50 0.9378421377766252
3500 542 0.9378333983466342
3500 176 0.9405174022010705
3500 146 0.9405252622837972
3550 542 0.9341197457895164
3550 176 0.9393973471853356
3500 449 0.940468122430386
3600 409 0.9386363473208111
3650 100 0.9378303127140089
3650 90 0.9378351753202908
3500 372 0.940468122430386
3650 176 0.9378218766611305
3550 958 0.9365751010323338
3650 309 0.9378178037994245
3650 60 0.9378400472048617
3650 133 0.9378276529371008
3650 193 0.9378214828696793
3650 542 0.9348938614268972
3600 372 0.9386363473208111
3550 1253 0.973362529042723
3650 339 0.9378178037994245
3550 212 0.9393925234433392
3650 372 0.9378178037994245
3650 655 0.9399382760132391
3600 40 0.9383274825024596
3550 1353 0.9163216768684782
3650 493 0.9378178037994245
3650 871 0.9357493229420603
3600 160 0.9386452905820628
3650 1353 0.9161862863810979
3650 958 0.9356944458943308
3650 792 0.940611944041768
3650 233 0.9378192876661586
3550 40 0.9391031548538269
3650 256 0.9378192876661586
3650 1553 0.8424288111337122
3650 1653 0.8424859821409869
3650 1253 0.9731578389738818
3650 1453 0.8524233197705233
3600 121 0.9386471532149063
3600 493 0.9387281721835027
3650 70 0.9378380027559651
3600 110 0.9386481835041132
3600 90 0.9386552712440251
3550 409 0.9393888708110663
3600 133 0.9386471532149063
3650 1153 0.9356940421590505
3600 176 0.9386447614132432
3600 281 0.9386372303162863
3600 1253 0.9732645310552959
3600 449 0.9386363473208111
3700 60 0.93467541764855
3700 176 0.934665499315554
3600 100 0.938652941758471
3650 1053 0.9356942492071617
3700 146 0.934668807482726
3650 720 0.9373629114989247
3600 596 0.9425227424861007
3650 281 0.9378187369815277
3650 80 0.9378376881983698
3700 160 0.9346660485971727
3650 121 0.9378292238663637
3700 256 0.9346635682586032
3700 100 0.9346700182055818
3550 720 0.9446566893490933
3700 493 0.934662994305762
3700 80 0.9346716358477289
3700 372 0.934662994305762
3700 193 0.9346644572996664
3700 449 0.934662994305762
3600 792 0.942698404367264
3600 871 0.9361927449621236
3700 542 0.9343056754201919
3600 212 0.9386398285302536
3700 281 0.934662994305762
3650 110 0.9378292238663637
3550 655 0.9412036163841966
3450 256 0.9433811282594666
3650 146 0.9378272553672806
3700 409 0.934662994305762
3600 1353 0.9162568569416728
3700 655 0.9392676315370092
3700 720 0.938648992802129
3600 958 0.9361534761258093
3700 40 0.9346771137668066
3650 409 0.9378178037994245
3650 596 0.9392936043624017
3700 1653 0.8424851623189583
3700 792 0.9372807324534765
3700 1353 0.9161094550073933
3700 1453 0.8524188351954363
3700 90 0.934670159968436
3700 1153 0.9351942644733752
3700 70 0.9346750036078391
3700 1253 0.9730416814839649
3700 133 0.934668807482726
3700 121 0.9346690520075505
3700 309 0.934662994305762
3700 596 0.9347167018603134
3700 871 0.9352557467064725
3700 958 0.93519469184719
3700 50 0.9346759955414115
3700 212 0.9346642005273779
3750 281 0.9340984203511943
3700 1553 0.842424647716122
3700 233 0.9346639069566899
3750 40 0.9341120761287214
3600 542 0.9382480190811665
3650 449 0.9378178037994245
3750 70 0.9341072487496174
3750 60 0.9341102019963081
3750 50 0.9341118236250098
3750 90 0.9341058674696269
3750 146 0.9341016586759912
3650 212 0.9378201824613911
3750 176 0.9341008195032934
3750 160 0.9341010762979232
3650 160 0.9378272553672806
3700 110 0.9346700182055818
3750 596 0.9324525657002397
3750 493 0.9340984203511943
3750 339 0.9340984203511943
3750 449 0.9340984203511943
3750 80 0.9341058674696269
3750 720 0.9378099786906573
3750 792 0.9374676087514419
3750 1653 0.8424842697647238
3750 1553 0.8424201149323358
3700 339 0.934662994305762
3750 655 0.9385078614599185
3750 1353 0.9160258073795831
3750 542 0.9338578037841174
3700 1053 0.9351944836440675
3750 958 0.9343490661138038
3750 121 0.9341045837957058
3800 40 0.9334985034241444
3800 233 0.9334849170563835
3750 212 0.9340993879930036
3800 256 0.933484270869633
3800 176 0.9334859179863055
3800 100 0.9334910909544506
3800 160 0.9334868184606223
3750 233 0.9340993879930036
3800 212 0.9334852983807788
3800 1353 0.9159347387795974
3800 1253 0.9727775368059517
3800 1653 0.8424832980256957
3800 133 0.9334877095541331
3750 133 0.9341045837957058
3750 309 0.9340984203511943
3750 372 0.9340984203511943
3800 871 0.9340942263757098
3800 309 0.933484270869633
3800 90 0.9334913783367318
3800 121 0.9334908156552872
3850 110 0.9328223087023215
3850 40 0.9328281408068203
3850 80 0.9328227469848331
3850 212 0.9328164414356127
3850 160 0.9328171003462263
3750 1153 0.9343486334723552
3800 146 0.933487091143501
3800 493 0.933484270869633
3800 1453 0.8524086371733955
3850 409 0.932815348743632
3800 542 0.9332325029663223
3800 50 0.9334964148761681
3850 133 0.9328183479234441
3850 256 0.932815348743632
3850 1653 0.8424822400768316
3800 70 0.9334921787520457
3750 193 0.9340998342027658
3800 1153 0.9332457034163623
3850 596 0.9328484631974194
3850 720 0.9348303755249736
3800 372 0.933484270869633
3800 193 0.9334856288983424
3900 80 0.9322570486738673
3900 70 0.9322572357513558
3750 110 0.9341048430541611
3850 176 0.9328167929197761
3800 720 0.9367736578601474
3750 409 0.9340984203511943
3900 193 0.9322532994496021
3900 309 0.9322526012114437
3900 110 0.9322549379455151
3850 792 0.9340804838950121
3800 655 0.9378969955309684
3900 281 0.9322526012114437
3900 449 0.9322526012114437
3900 60 0.9322579749560057
3900 871 0.9349267372918375
3900 792 0.9343722072154219
3750 871 0.9346249985941766
3900 146 0.9322537204982407
3800 110 0.9334908156552872
3800 958 0.9332461628262012
3900 1253 0.9698893274258249
3750 1253 0.9729152188422674
3950 40 0.931782899757987
3800 1053 0.9332457034163623
3900 372 0.9322526012114437
3800 596 0.9335739804118718
3950 60 0.9317821114281334
3850 958 0.9321267326011038
3900 90 0.9322570486738673
3950 70 0.9317819119180697
3900 100 0.9322567855196378
3900 1353 0.9157276467871868
3900 121 0.9322545177089705
3850 1053 0.9321210600708506
3950 100 0.9317792127534409
3950 309 0.931777168891871
3950 133 0.9317783625627222
3950 110 0.9317792127534409
3750 1453 0.8524139527620022
3950 90 0.931779660917527
3850 60 0.9328237582681672
3950 493 0.931777168891871
3850 70 0.9328237582681672
3750 1053 0.9343486334723552
3950 655 0.9313623064458889
3850 542 0.932815348743632
3800 80 0.9334921787520457
3950 871 0.9339947623181823
3950 146 0.9317781530597453
3950 160 0.9317779135325943
3950 409 0.931777168891871
3900 176 0.9322532994496021
3950 50 0.9317826385547635
3850 233 0.9328160359216554
3950 1553 0.8423975895754856
3950 792 0.9336760485377041
3850 50 0.9328245600751374
3850 1353 0.9158355908405528
3900 1053 0.931032468209621
3950 1253 0.9693362833826157
3850 1153 0.9321210600708506
3950 256 0.931777168891871
3800 339 0.933484270869633
3950 542 0.931777168891871
3850 339 0.932815348743632
3850 1253 0.9726276400232368
3800 60 0.9334929327298425
3900 40 0.9322580834138477
650 133 0.9666590706528282
350 309 0.9615025048661985
200 146 0.9667227969116952
900 309 0.9454616378365263
650 339 0.8656432571743383
900 281 0.8658124037854598
650 121 0.9666603425185343
850 80 0.966301757276401
550 70 0.9666716164736407
900 110 0.9665369504344006
850 233 0.8599947830966749
250 160 0.9666638699286129
200 90 0.9667227969116952
900 493 0.9464562766797509
850 372 0.9453570728615278
500 339 0.8599257125236996
550 449 0.9454660425973863
850 493 0.94653889382345
350 160 0.9666629496726288
250 100 0.9666638699286129
700 542 0.9467870055183238
750 309 0.8655979270532506
500 193 0.9667838711113629
450 70 0.9666631635261668
3850 100 0.9328223087023215
3850 121 0.9328190055633837
250 193 0.9666638699286129
850 100 0.9664624380613913
500 160 0.966719974700392
700 60 0.9664132878869189
200 121 0.9667227969116952
900 409 0.9464387065004158
650 372 0.9455176085093597
400 176 0.9667210790959838
350 146 0.9666629496726288
850 146 0.9611654556470431
400 60 0.9667223828483968
800 281 0.8599290975745113
900 80 0.9663108613254644
600 100 0.9667258510266837
250 146 0.9666638699286129
200 50 0.9667228280948207
600 160 0.9667186970038201
850 160 0.9613018342296668
750 146 0.9322223267472171
500 70 0.9667275229246465
900 100 0.9663899183478809
850 110 0.9665018891060235
550 193 0.9668320411950131
350 50 0.9666642526121518
3900 133 0.9322543324092485
3800 792 0.9372614865863678
3800 449 0.933484270869633
3800 409 0.933484270869633
3900 1453 0.8523965494083969
3900 1553 0.8424039578991445
3850 309 0.932815348743632
3900 339 0.9322526012114437
3950 233 0.931777168891871
3900 160 0.932253524050525
3850 90 0.9328223087023215
3900 50 0.9322579749560057
3900 409 0.9322526012114437
3850 146 0.9328180579427398
3900 233 0.9322526012114437
3850 493 0.932815348743632
3900 655 0.9342710405587517
3950 212 0.931777168891871
3900 1153 0.931032468209621
3900 596 0.9320133212103111
3950 176 0.9317779135325943
3850 655 0.9349888556594849
3950 372 0.931777168891871
3900 493 0.9322526012114437
3850 871 0.9342960918203198
3850 193 0.9328164414356127
3850 1553 0.8424098072826564
3950 1653 0.8424798342779263
3800 1553 0.842415180013268
3850 449 0.932815348743632
3950 121 0.9317790151393097
3950 449 0.931777168891871
3950 1053 0.9298533383797759
3950 958 0.9298640390501864
3950 1453 0.8523896898453078
3950 720 0.9336872747281062
3850 281 0.932815348743632
3950 80 0.9317819119180697
3950 339 0.931777168891871
3950 1153 0.9298533383797759
3900 542 0.9322526012114437
3900 256 0.9322526012114437
3900 720 0.9349995792507261
3900 958 0.9310385093014202
3900 212 0.9322530403232346
3950 193 0.9317776371855556
3950 596 0.931438285142223
3600 309 0.9386363473208111
550 50 0.9666139408631745
250 121 0.9666638699286129
400 133 0.9667210790959838
600 596 0.946830382465609
300 70 0.9667220420503531
650 596 0.9467846409061662
850 596 0.9469162987239587
800 309 0.9350988459571463
650 70 0.9666204050012493
650 542 0.9465046967196921
750 542 0.9467153685883553
750 110 0.9666741915686141
600 281 0.9217548272423728
400 80 0.9667211161156714
800 90 0.9664461490619133
800 792 0.9485821949569992
400 40 0.9667301575321398
550 281 0.9617376890712527
900 193 0.961647535796986
450 146 0.9666618588887465
