1600 1400 0.0
1200 600 0.8299509810473702
1000 100 0.9770393096828872
1600 1000 0.0
1200 800 0.0
1000 800 0.0
1600 300 0.9717481634120396
1200 95 0.9748609986023075
1600 100 0.9714664776339079
3500 95 0.8312984146750724
1600 1200 0.0
1200 500 0.9703433869208594
1200 150 0.9748325942055026
1200 1000 0.0
1800 1200 0.0
1200 70 0.974885882426261
1000 150 0.9769896754549218
1000 200 0.9769829109027942
1200 400 0.9737804261191327
1200 60 0.9748973331552955
1400 1000 0.0
1000 70 0.9771530562908408
1200 80 0.9748677506144845
1400 400 0.9727535858708207
2500 1000 0.0
1000 500 0.7845275129685818
1800 1000 0.0
1400 500 0.971876414068814
2500 1200 0.0
1800 1400 0.0
2000 95 0.9688141004741446
2000 80 0.9688344509392532
1400 80 0.9743936937994364
1400 90 0.9743933180806473
1000 300 0.9742876643064918
1000 95 0.9770536452806422
1600 400 0.974383574654669
1800 400 0.9758882614923452
1000 90 0.9770708492839862
1600 500 0.9762893432065864
1000 400 0.9722566857728009
1200 300 0.9742017800535557
1800 1600 0.0
1600 150 0.9714862476728686
1800 60 0.9693749115590475
1800 500 0.9813934656813226
1600 90 0.9714470561644831
2500 100 0.931955330407099
1600 70 0.9712246288764593
1400 70 0.9743857666665392
1800 800 0.0
1800 600 0.9817642985561043
1200 100 0.974856386638914
1400 600 0.9364015066202681
1400 300 0.973686893539834
2000 90 0.9688410269392891
1800 70 0.9694020353146308
1600 800 0.0
2500 1400 0.0
1000 600 0.7024346005870272
1400 1200 0.0
1400 95 0.9743842237916654
1400 800 0.0
1600 600 0.981973231416338
1200 200 0.9748285458573297
1600 200 0.9715154402778174
1800 80 0.9696570325348769
1600 60 0.971255648923031
2000 600 0.9816281293957808
2000 800 0.17999594955623033
2000 500 0.9827269145277359
1200 90 0.9748664829372182
2000 300 0.9740649036729813
1600 95 0.971430321832434
2500 600 0.9679094508689893
2000 400 0.9785652552601696
1400 150 0.9743833882657598
2000 70 0.9682932234235958
1800 150 0.9697235083263719
3000 1200 0.0
2500 800 0.5124638188625019
3000 1600 0.0
2500 95 0.9319209405822039
2000 200 0.9693769131944755
2000 1000 0.0
3000 1000 0.0
3000 1400 0.0
1800 200 0.9697901834144587
3000 100 0.8904003925996185
2000 1200 0.0
3000 2600 0.0
3000 600 0.9692396945069456
2000 1600 0.0
1800 300 0.9715650352498536
2500 90 0.9317494993759062
3000 500 0.9634956121147865
1400 200 0.974373770603718
1800 90 0.9696359233535314
2000 100 0.968842808174562
2500 70 0.9318374864135038
2000 1800 0.0
3500 200 0.8554380694740004
1800 95 0.9696197862600215
3000 300 0.9196542771285993
2500 2000 0.0
3000 150 0.893167943596797
3500 2600 0.0
2000 150 0.9691635134351189
2500 1600 0.0
3000 2000 0.0
2000 1400 0.0
2500 60 0.9319479702563226
2500 200 0.9359377230876107
3000 90 0.8905710197177804
3000 800 0.6698640438697252
300 60 0.0
3000 400 0.937347931838154
3000 80 0.8900734644293898
3500 500 0.9615370937839198
3000 70 0.8895218894007965
3500 1000 0.0
400 150 0.08995961224942663
2500 1800 0.0
3500 400 0.9150724519250799
3500 60 0.8220330666272605
3500 2000 0.0
2500 400 0.9527653996409429
4000 800 0.7806968035966503
2500 500 0.9660049171153932
3000 200 0.9007187555762265
2500 300 0.9438649911533512
400 60 0.08995961224942663
3000 60 0.8884344690733882
3500 90 0.8278932758128642
3500 300 0.8851176367416443
400 90 0.08995961224942663
600 90 0.9374710663997143
2500 150 0.9340009519666267
3500 3000 0.0
4000 1600 0.0
4000 2000 0.0
600 300 0.937484379548761
500 200 0.9374882905930814
3500 1800 0.0
600 60 0.9374724373064997
550 70 0.9374818949145712
3500 1200 0.0
700 90 0.9415680365084858
900 100 0.9745013022923202
650 60 0.9374422133374309
900 90 0.9745031153207507
4000 70 0.78557784806089
550 95 0.9374816768642572
3500 1600 0.0
600 70 0.9374715575643019
650 70 0.9374410433932195
400 100 0.08995961224942663
600 100 0.9374701860140106
800 400 0.9772973042283497
3500 70 0.8212458601209107
650 80 0.9374409575656072
650 100 0.9374396718429283
500 70 0.937489939033162
4000 80 0.7647782610967946
650 90 0.9374405522286319
4000 600 0.9681590594181131
4000 95 0.782904773636804
800 300 0.969634836150052
800 200 0.969112447512655
3500 100 0.8324521133608956
900 500 0.7021209789840619
800 60 0.9691142988144388
4000 1400 0.0
500 90 0.9374897209828482
800 600 0.7024921367602761
3500 150 0.8395704239268147
700 60 0.9415840706084843
700 95 0.9415627523817275
500 100 0.9374897209828482
700 200 0.9415531128297407
900 95 0.9745026931879858
800 95 0.9691133066313986
700 70 0.9415709845072208
900 600 0.7024921367602761
550 100 0.9374816768642572
900 80 0.9745055818030858
650 400 0.9374901458041671
800 150 0.9691124756924272
600 400 0.9374924804014491
650 200 0.9374380658020162
4000 500 0.9197479094396862
900 300 0.9776575871176492
900 150 0.9744985526733565
4000 400 0.8977313940835828
900 70 0.9745119418661552
600 200 0.9374685799730985
800 70 0.9691139250163808
800 100 0.9691128457042124
4000 90 0.7849258274450854
550 400 0.9374944815403067
550 200 0.9374802070913857
900 60 0.974531368312864
400 80 0.08995961224942663
700 100 0.9415627523817275
400 70 0.08995961224942663
4000 3500 0.0
4000 1800 0.0
800 500 0.7024662604073785
550 150 0.9374802070913857
500 150 0.9374882905930814
550 80 0.9374818949145712
800 80 0.9691137815436678
4000 200 0.8020027994726777
700 80 0.9415704693648446
900 200 0.974498454661407
550 60 0.9374827746567689
4000 2600 0.0
700 400 0.9374859677540186
3500 80 0.821997422949325
900 400 0.978113391250439
800 90 0.9691134525311366
4000 1000 0.0
650 500 0.319930392139709
700 300 0.9421810258427332
650 95 0.9374396718429283
500 300 0.9374937749352381
550 90 0.9374816768642572
3500 800 0.7807033132871816
600 150 0.9374685799730985
700 500 0.3199271006463027
650 150 0.9374380658020162
600 80 0.9374714717366895
3500 600 0.9658322156043008
4000 3000 0.0
3500 1400 0.0
3000 95 0.8902230011286542
4000 1200 0.0
600 95 0.9374701860140106
3000 1800 0.0
650 300 0.937470853717991
